48.6 190 2.29832 
48.6 192 2.06523 
48.6 194 1.93358 
48.6 196 1.89944 
48.6 198 1.95867 
48.6 200 2.10691 
48.7 186 2.24702 
48.7 188 1.80835 
48.7 190 1.47802 
48.7 192 1.2526 
48.7 194 1.12843 
48.7 196 1.10157 
48.7 198 1.16789 
48.7 200 1.32303 
48.7 202 1.56248 
48.7 204 1.88154 
48.7 206 2.27539 
48.8 184 2.15085 
48.8 186 1.60988 
48.8 188 1.18015 
48.8 190 0.858538 
48.8 192 0.641622 
48.8 194 0.525736 
48.8 196 0.506962 
48.8 198 0.58116 
48.8 200 0.743989 
48.8 202 0.990928 
48.8 204 1.3173 
48.8 206 1.71829 
48.8 208 2.18897 
48.9 184 1.72378 
48.9 186 1.19283 
48.9 188 0.772894 
48.9 190 0.460839 
48.9 192 0.25326 
48.9 194 0.146486 
48.9 196 0.136604 
48.9 198 0.21948 
48.9 200 0.390777 
48.9 202 0.64598 
48.9 204 0.980418 
48.9 206 1.38928 
48.9 208 1.86766 
49 182 2.1708 
49 184 1.53714 
49 186 1.01708 
49 188 0.607795 
49 190 0.306152 
49 192 0.108748 
49 194 0.0119154 
49 196 0.0117432 
49 198 0.1041 
49 200 0.284655 
49 202 0.548898 
49 204 0.892162 
49 206 1.30965 
49 208 1.79645 
49.1 182 2.23403 
49.1 184 1.61239 
49.1 186 1.10409 
49.1 188 0.706318 
49.1 190 0.415943 
49.1 192 0.22956 
49.1 194 0.143502 
49.1 196 0.15386 
49.1 198 0.256506 
49.1 200 0.447112 
49.1 202 0.721173 
49.1 204 1.07403 
49.1 206 1.50088 
49.1 208 1.99684 
49.2 184 1.97117 
49.2 186 1.47551 
49.2 188 1.09013 
49.2 190 0.811884 
49.2 192 0.637371 
49.2 194 0.562925 
49.2 196 0.584638 
49.2 198 0.698383 
49.2 200 0.899837 
49.2 202 1.1845 
49.2 204 1.54771 
49.2 206 1.98468 
49.3 186 2.1532 
49.3 188 1.78107 
49.3 190 1.51582 
49.3 192 1.35403 
49.3 194 1.29204 
49.3 196 1.32593 
49.3 198 1.45159 
49.3 200 1.66469 
49.3 202 1.96073 
