48.8 192 2.27372 
48.8 193 2.00276 
48.8 194 1.83417 
48.8 195 1.76641 
48.8 196 1.79783 
48.8 197 1.92668 
48.8 198 2.15114 
48.85 191 1.87136 
48.85 192 1.50132 
48.85 193 1.23495 
48.85 194 1.07078 
48.85 195 1.00725 
48.85 196 1.04274 
48.85 197 1.17549 
48.85 198 1.40369 
48.85 199 1.72543 
48.85 200 2.13871 
48.9 190 1.76888 
48.9 191 1.29899 
48.9 192 0.933934 
48.9 193 0.672362 
48.9 194 0.512816 
48.9 195 0.453747 
48.9 196 0.493512 
48.9 197 0.630377 
48.9 198 0.862522 
48.9 199 1.18804 
48.9 200 1.60495 
48.9 201 2.11117 
48.95 189 1.97543 
48.95 190 1.405 
48.95 191 0.940478 
48.95 192 0.580621 
48.95 193 0.324067 
48.95 194 0.169363 
48.95 195 0.11496 
48.95 196 0.159217 
48.95 197 0.300405 
48.95 198 0.536705 
48.95 199 0.866214 
48.95 200 1.28695 
48.95 201 1.79684 
49 189 1.82851 
49 190 1.26385 
49 191 0.804931 
49 192 0.45049 
49 193 0.199171 
49 194 0.0495236 
49 195 -1.92147e-12 
49 196 0.0489624 
49 197 0.194683 
49 198 0.435346 
49 199 0.769052 
49 200 1.19382 
49 201 1.70758 
49.05 189 1.91325 
49.05 190 1.35459 
49.05 191 0.901494 
49.05 192 0.552687 
49.05 193 0.306821 
49.05 194 0.162445 
49.05 195 0.118015 
49.05 196 0.171895 
49.05 197 0.322359 
49.05 198 0.567595 
49.05 199 0.905704 
49.05 200 1.33471 
49.05 201 1.85255 
49.1 189 2.23884 
49.1 190 1.68641 
49.1 191 1.23935 
49.1 192 0.896395 
49.1 193 0.656199 
49.1 194 0.517311 
49.1 195 0.478189 
49.1 196 0.537198 
49.1 197 0.692617 
49.1 198 0.942634 
49.1 199 1.28535 
49.1 200 1.7188 
49.1 201 2.24092 
49.15 190 2.26851 
49.15 191 1.82771 
49.15 192 1.49083 
49.15 193 1.25652 
49.15 194 1.12334 
49.15 195 1.08974 
49.15 196 1.15409 
49.15 197 1.31467 
49.15 198 1.56968 
49.15 199 1.91722 
49.2 193 2.11703 
49.2 194 1.98976 
49.2 195 1.9619 
49.2 196 2.03181 
49.2 197 2.19777 
