48.8 190 2.18795 
48.8 192 1.58378 
48.8 194 1.27929 
48.8 196 1.26673 
48.8 198 1.53715 
48.8 200 2.08046 
48.9 188 2.15189 
48.9 190 1.25077 
48.9 192 0.654649 
48.9 194 0.357028 
48.9 196 0.350178 
48.9 198 0.625181 
48.9 200 1.17198 
48.9 202 1.97945 
49 188 1.80414 
49 190 0.913098 
49 192 0.325827 
49 194 0.0358571 
49 196 0.0354868 
49 198 0.315834 
49 200 0.866884 
49 202 1.67755 
49.1 188 2.10634 
49.1 190 1.22619 
49.1 192 0.648567 
49.1 194 0.367035 
49.1 196 0.37392 
49.1 198 0.660375 
49.1 200 1.21642 
49.1 202 2.03103 
49.2 190 2.24173 
49.2 192 1.67456 
49.2 194 1.40226 
49.2 196 1.41718 
49.2 198 1.71051 
49.2 200 2.27231 
