-180 524.272 1.10531 603.246 369.794 -30.1094 421.139 
-177 540.817 1.1083 618.08 358.975 -29.9406 413.481 
-174 557.37 1.159 633.643 348.743 -29.5736 407.219 
-171 573.871 1.27201 649.868 339.114 -29.0159 402.312 
-168 590.264 1.46929 666.678 370.376 -28.2757 398.697 
-165 606.488 1.78422 683.989 359.576 -27.3614 396.297 
-162 622.483 2.26635 701.705 349.152 -26.2823 395.015 
-159 638.19 2.98228 719.729 339.117 -6.62369 394.746 
-156 653.548 4.00416 737.955 329.479 -5.29553 395.377 
-153 668.498 5.38656 756.273 320.246 -3.99252 455.906 
-150 682.982 7.15119 774.568 311.424 -2.7186 453.425 
-147 696.941 9.28909 792.721 303.015 -1.47792 451.304 
-144 710.32 11.7703 810.617 295.023 -0.274623 449.495 
-141 723.066 14.5519 828.135 287.446 18.582 447.959 
-138 735.125 17.5834 845.153 280.286 17.9418 446.667 
-135 746.449 20.8096 861.555 273.54 17.2253 445.597 
-132 756.991 24.173 877.223 267.207 16.4456 444.732 
-129 766.706 27.6147 892.044 261.283 15.6155 444.062 
-126 775.555 31.0761 905.911 255.766 14.7479 443.579 
-123 783.5 34.4995 918.72 250.653 13.8551 443.277 
-120 790.509 37.8289 930.374 245.94 12.949 443.154 
-117 796.552 41.0109 940.784 241.624 12.0406 443.207 
-114 801.603 43.9954 949.868 237.704 11.1404 443.436 
-111 805.642 46.7362 957.555 234.177 10.2575 443.841 
-108 808.652 49.1912 963.78 231.042 9.40004 444.421 
-105 810.622 51.3235 968.492 228.299 8.57516 445.175 
-102 811.542 53.1013 971.647 225.948 7.78859 446.104 
-99 811.412 54.4986 973.216 223.99 7.04497 447.204 
-96 810.231 55.4955 973.177 222.429 6.3477 448.475 
-93 808.007 56.078 971.523 221.267 5.69913 449.912 
-90 804.75 56.2387 968.258 220.511 5.10057 451.509 
-87 800.476 55.9767 963.396 220.164 4.55245 453.26 
-84 795.204 55.2974 956.965 220.235 4.05443 455.156 
-81 788.958 54.2126 949.004 220.732 3.60554 457.185 
-78 781.767 52.7404 939.561 221.663 3.20429 459.334 
-75 773.662 50.905 928.698 223.037 2.84884 461.588 
-72 764.679 48.7362 916.484 224.866 2.53709 463.928 
-69 754.858 46.2691 903 227.16 2.26679 466.332 
-66 744.242 43.544 888.335 229.929 2.03561 468.776 
-63 732.875 40.6054 872.587 233.184 1.84125 471.233 
-60 720.807 37.5017 855.859 236.936 1.68144 473.672 
-57 708.088 34.2845 838.263 241.196 1.55407 476.058 
-54 694.772 31.0079 819.916 245.972 1.45714 478.352 
-51 680.912 27.7277 800.938 251.274 1.38885 480.509 
-48 666.567 11.7795 781.454 257.108 1.34757 482.475 
-45 651.791 7.00166 761.589 263.481 1.33191 484.184 
-42 636.645 2.40811 741.472 270.396 1.34068 485.538 
-39 621.186 -1.93812 664.897 277.857 1.37294 482.943 
-36 605.474 -5.97805 639.146 285.862 1.428 483.36 
-33 589.566 -9.66143 613.901 294.409 1.50543 484.088 
-30 573.52 -12.9519 589.259 303.495 1.60508 485.262 
-27 557.393 -15.8323 565.356 313.111 1.72712 487.023 
-24 487.728 -18.3084 542.334 323.246 1.87208 489.488 
-21 470.191 -20.4065 520.331 333.887 2.04085 492.74 
-18 453.245 -22.1642 499.478 345.018 2.2348 496.838 
-15 436.942 -23.6193 479.895 356.617 2.45582 501.824 
-12 421.34 -24.803 461.692 368.663 2.70646 507.726 
-9 406.503 -25.7387 444.963 381.127 35.4829 514.563 
-6 392.515 -26.4432 429.789 393.98 34.6195 522.342 
-3 379.533 -26.9286 416.236 407.189 33.4016 531.06 
0 417.181 -0.335982 404.352 420.715 31.6954 540.704 
3 402.974 1.60467 394.17 434.52 4.56238 551.25 
6 389.177 3.38933 385.704 448.559 5.10798 562.665 
9 375.817 5.0602 378.951 462.787 5.74174 574.905 
12 362.92 6.6371 373.891 477.154 6.48485 587.917 
15 350.505 8.13033 370.487 491.609 7.36467 601.636 
18 338.593 9.54528 368.682 506.098 8.41544 615.991 
21 327.199 10.8844 368.408 520.565 9.67725 630.902 
24 316.336 12.1486 440.062 534.952 11.1919 646.278 
27 306.014 13.3374 437.185 549.2 12.996 662.024 
30 296.241 14.4498 435.036 563.25 15.1127 678.037 
33 287.024 35.1846 433.505 577.039 17.5477 694.209 
36 278.367 34.554 432.489 590.509 20.2888 710.428 
39 270.271 33.7828 431.896 603.598 23.3087 726.576 
42 262.737 32.8858 431.656 616.247 26.5684 742.535 
45 255.765 31.8786 431.716 628.396 30.0208 758.185 
48 249.354 30.7768 432.039 639.988 33.6128 773.405 
51 243.502 29.5964 432.601 650.969 37.2878 788.076 
54 238.207 28.3533 433.384 661.286 40.987 802.082 
57 233.466 27.0632 457.467 670.889 44.6506 815.308 
60 229.276 25.7414 458.242 679.732 48.2196 827.647 
63 225.636 24.4022 458.728 687.772 51.6361 838.995 
66 222.543 23.0594 459.012 694.97 54.8447 849.257 
69 219.998 21.7255 459.156 701.292 57.7932 858.344 
72 218 20.4118 459.208 706.709 60.4332 866.179 
75 216.549 19.1281 459.208 711.194 62.7214 872.691 
78 215.648 17.8828 459.192 714.728 64.6195 877.824 
81 215.3 16.6829 459.191 717.298 66.0953 881.53 
84 215.507 15.5336 459.233 718.892 67.1227 883.775 
87 216.275 14.4389 459.341 719.507 67.6828 884.535 
90 217.609 13.4013 459.536 719.144 67.7632 883.8 
93 219.516 12.4221 459.837 717.81 67.3594 881.575 
96 222.002 11.5014 460.258 715.517 66.4736 877.873 
99 225.074 10.6386 460.812 712.28 65.1159 872.722 
102 228.739 9.83216 461.51 708.122 63.3033 866.164 
105 233.005 9.08014 462.361 703.069 61.0602 858.25 
108 237.879 8.38006 463.374 697.15 58.4174 849.043 
111 243.365 7.7292 464.553 690.402 55.4123 838.617 
114 249.471 7.12467 465.907 682.863 52.0882 827.056 
117 256.199 6.56352 467.442 674.573 48.4937 814.452 
120 263.552 6.04282 469.166 665.578 44.6822 800.906 
123 271.531 5.55968 471.09 655.926 40.7111 786.524 
126 280.135 5.11137 473.228 645.666 36.641 771.42 
129 289.36 4.69528 475.6 634.85 32.5349 755.71 
132 299.201 4.30901 478.235 623.532 28.4577 739.515 
135 309.649 3.95033 481.168 611.764 9.68571 722.957 
138 320.693 3.61723 484.452 599.602 4.05401 706.158 
141 332.319 3.30788 488.149 587.101 -1.31613 689.241 
144 344.509 3.02072 492.336 574.316 -6.34823 612.946 
147 357.244 2.75438 497.097 561.301 -10.9689 591.573 
150 370.5 2.50775 502.515 548.109 -15.1109 570.811 
153 384.251 2.27994 508.667 534.792 -18.7178 550.792 
156 398.465 2.07036 515.618 521.402 -21.7501 531.641 
159 413.11 1.8787 523.42 507.988 -24.1979 513.478 
162 428.15 1.705 532.109 494.595 -26.0959 496.408 
165 443.545 1.54967 541.707 432.038 -27.5245 480.526 
168 459.253 1.41362 552.224 418.59 -28.5772 549.975 
171 475.228 1.29834 563.658 405.611 -29.326 452.623 
174 491.424 1.20609 575.992 393.134 1.19406 526.129 
177 507.789 1.14017 589.201 381.187 -30.0712 430.215 
180 524.272 1.10531 603.246 369.794 -30.1094 421.139 
