-1.60206 0 0 0 0 0 0
-1.12494 0 0 0 0 0 0
-0.90309 0 0 0 0 0 0
-0.756962 0 0 0 0 0 0
-0.647817 0 0 0 0 0 0
-0.560667 0 0 0 0 0 0
-0.488117 0 0 0 0 0 0
-0.425969 0.562933 0.0594667 0 0.110667 0.00933333 0
-0.371611 1.30306 0.445412 0 0.233647 0.0623529 0
-0.323306 2.07516 0.994737 0 0.357053 0.136632 0
-0.279841 2.87657 1.74495 0 0.485714 0.242857 0
-0.240332 3.69948 2.6433 0 0.618261 0.37287 0
-0.20412 4.39056 3.39808 0 0.7296 0.48192 0
-0.170696 5.04207 4.13807 0 0.859556 0.617037 0
-0.139662 5.60372 4.776 0 0.971724 0.733655 0
-0.110698 6.06813 5.3049 0 1.08284 0.848129 0
-0.0835461 6.45321 5.74473 0 1.19297 0.96097 0
-0.0579919 6.79417 6.13429 0 1.29063 1.06091 0
-0.0338583 7.03189 6.41816 0 1.39514 1.17059 0
-0.0109954 7.24513 6.67292 0 1.48903 1.26913 0
0.0107239 7.40693 6.87171 0 1.57912 1.3641 0
0.0314085 7.52447 7.02214 0 1.66605 1.45619 0
0.0511525 7.63156 7.15929 0 1.74524 1.54009 0
0.0700379 7.68357 7.23634 0 1.82426 1.62391 0
0.0881361 7.73143 7.30702 0 1.89682 1.70098 0
0.10551 7.75773 7.3549 0 1.96549 1.7742 0
0.122216 7.76491 7.38242 0 2.03064 1.844 0
0.138303 7.77156 7.40793 0 2.09113 1.9088 0
0.153815 7.75186 7.40407 0 2.14898 1.97088 0
0.168792 7.73349 7.40047 0 2.20292 2.02881 0
0.18327 7.69364 7.37574 0 2.25285 2.08302 0
0.197281 7.63435 7.33187 0 2.29911 2.13384 0
0.210853 7.57877 7.29065 0 2.34246 2.1816 0
0.224015 7.52645 7.25194 0 2.38328 2.22645 0
0.236789 7.47722 7.21548 0 2.42168 2.26875 0
0.249198 7.4307 7.18101 0 2.45797 2.30862 0
0.261263 7.38674 7.14849 0 2.49227 2.34636 0
0.273001 7.34517 7.11765 0 2.52469 2.38203 0
0.284431 7.30571 7.08847 0 2.55548 2.4159 0
0.295567 7.2683 7.06071 0 2.58466 2.448 0
0.306425 7.20479 7.00662 0 2.60672 2.47388 0
0.317018 7.1172 6.9281 0 2.62217 2.49388 0
0.327359 7.03369 6.85327 0 2.63685 2.51299 0
0.337459 6.95407 6.78189 0 2.65085 2.53117 0
0.34733 6.87798 6.71366 0 2.66427 2.54854 0
0.356981 6.80527 6.64848 0 2.67705 2.56519 0
0.366423 6.73566 6.58611 0 2.68929 2.58108 0
0.375664 6.66901 6.52632 0 2.70101 2.59629 0
0.384712 6.60507 6.46903 0 2.71229 2.61093 0
0.393575 6.54376 6.41406 0 2.72307 2.62493 0
0.402261 6.47105 6.34673 0 2.728 2.63287 0
0.410777 6.38761 6.26773 0 2.72742 2.63515 0
0.419129 6.30735 6.19177 0 2.72686 2.6373 0
0.427324 6.23009 6.11865 0 2.72632 2.6394 0
0.435367 6.15567 6.04818 0 2.7258 2.64139 0
0.443263 6.08396 5.98029 0 2.7253 2.64332 0
0.451018 6.01476 5.91476 0 2.72481 2.6452 0
0.458638 5.94797 5.85155 0 2.72435 2.64699 0
0.466126 5.88345 5.7905 0 2.7239 2.64875 0
0.473487 5.82111 5.73146 0 2.72346 2.65042 0
0.480725 5.75458 5.66787 0 2.71931 2.64823 0
0.487845 5.68403 5.59987 0 2.71164 2.64234 0
0.49485 5.61574 5.53405 0 2.70419 2.63664 0
0.501744 5.54964 5.4703 0 2.69701 2.63112 0
0.50853 5.48555 5.40853 0 2.69005 2.62577 0
0.515211 5.42342 5.34864 0 2.68327 2.62058 0
0.521792 5.36316 5.29056 0 2.67672 2.61555 0
0.528274 5.30471 5.23419 0 2.67037 2.61067 0
0.534661 5.24794 5.17947 0 2.66418 2.60593 0
0.540955 5.19281 5.12633 0 2.65819 2.60135 0
0.547159 5.13481 5.07004 0 2.64843 2.59282 0
0.553276 5.0741 5.01077 0 2.63508 2.58059 0
0.559308 5.01503 4.95313 0 2.6221 2.56869 0
0.565257 4.95758 4.89706 0 2.60944 2.55712 0
0.571126 4.90166 4.8425 0 2.59715 2.54583 0
0.576917 4.84726 4.78935 0 2.58519 2.53486 0
0.582631 4.79425 4.73762 0 2.57354 2.52418 0
0.588272 4.74261 4.68723 0 2.56217 2.51375 0
0.59384 4.69228 4.63811 0 2.55111 2.50362 0
0.599337 4.64325 4.59024 0 2.54033 2.49374 0
0.604766 4.5954 4.54355 0 2.52981 2.48407 0
0.610128 4.54874 4.49801 0 2.51956 2.47467 0
0.615424 4.50322 4.45355 0 2.50953 2.4655 0
0.620656 4.45878 4.41018 0 2.49976 2.45653 0
0.625827 4.41538 4.36783 0 2.49022 2.44779 0
0.630936 4.37301 4.32648 0 2.48091 2.43925 0
0.635986 4.33163 4.28608 0 2.47179 2.43091 0
0.640978 4.29118 4.24661 0 2.4629 2.42274 0
0.645913 4.25164 4.208 0 2.45421 2.41478 0
0.650793 4.21298 4.17028 0 2.44572 2.40699 0
0.655619 4.1752 4.13339 0 2.43739 2.39936 0
0.660391 4.13823 4.09731 0 2.42927 2.39191 0
0.665112 4.10205 4.06201 0 2.42132 2.38463 0
0.669782 4.06665 4.02747 0 2.41354 2.37748 0
0.674402 4.03202 3.99363 0 2.40593 2.3705 0
0.678973 3.99606 3.95839 0 2.39579 2.36094 0
0.683497 3.95884 3.92176 0 2.38325 2.34889 0
0.687975 3.92238 3.88589 0 2.37097 2.33709 0
0.692406 3.88668 3.85074 0 2.35894 2.32552 0
0.696793 3.85168 3.8163 0 2.34716 2.31419 0
0.701136 3.81737 3.78255 0 2.3356 2.30308 0
0.705436 3.78376 3.74946 0 2.32426 2.2922 0
0.709694 3.75079 3.71701 0 2.31315 2.28152 0
0.71391 3.71845 3.6852 0 2.30226 2.27105 0
0.718086 3.68676 3.65399 0 2.29158 2.26078 0
0.722222 3.65564 3.62337 0 2.2811 2.25071 0
0.72632 3.62511 3.59333 0 2.2708 2.24085 0
0.730378 3.59514 3.56385 0 2.26071 2.23114 0
0.7344 3.56575 3.53493 0 2.2508 2.22162 0
0.738384 3.53688 3.50652 0 2.24108 2.21227 0
0.742332 3.50852 3.47862 0 2.23153 2.2031 0
0.746245 3.4807 3.45123 0 2.22215 2.19408 0
0.750123 3.45335 3.42432 0 2.21292 2.18523 0
0.753966 3.42648 3.39789 0 2.20388 2.17653 0
0.757775 3.4001 3.37191 0 2.19499 2.16798 0
0.761552 3.37416 3.34639 0 2.18625 2.15958 0
0.765296 3.34867 3.3213 0 2.17767 2.15133 0
0.769008 3.32361 3.29665 0 2.16923 2.14322 0
0.772688 3.29899 3.27241 0 2.16091 2.13524 0
0.776338 3.27476 3.24857 0 2.15275 2.1274 0
0.779957 3.24998 3.2241 0 2.14266 2.11758 0
0.783546 3.22461 3.19901 0 2.13067 2.10583 0
0.787106 3.19967 3.17435 0 2.11886 2.09427 0
0.790637 3.17514 3.15009 0 2.10726 2.08291 0
0.794139 3.151 3.1262 0 2.09584 2.07173 0
0.797614 3.12725 3.10271 0 2.08461 2.06072 0
0.801061 3.10387 3.07957 0 2.07353 2.04988 0
0.80448 3.08085 3.05682 0 2.06265 2.03922 0
0.807873 3.05819 3.03441 0 2.05194 2.02872 0
0.81124 3.03589 3.01234 0 2.04137 2.01839 0
0.814581 3.01393 2.99062 0 2.03099 2.00821 0
0.817896 2.9923 2.96922 0 2.02076 1.99819 0
0.821186 2.971 2.94815 0 2.01067 1.98832 0
0.824451 2.95001 2.92739 0 2.00075 1.97859 0
0.827692 2.92934 2.90694 0 1.99097 1.96901 0
0.830909 2.90897 2.8868 0 1.98134 1.95957 0
0.834103 2.88891 2.86695 0 1.97184 1.95029 0
0.837273 2.86913 2.84739 0 1.96249 1.94112 0
0.84042 2.84965 2.8281 0 1.95327 1.93209 0
0.843544 2.83044 2.8091 0 1.94417 1.92318 0
0.846646 2.81149 2.79036 0 1.93522 1.91441 0
0.849726 2.79282 2.7719 0 1.92639 1.90575 0
0.852785 2.77441 2.7537 0 1.91767 1.89722 0
0.855822 2.75626 2.73574 0 1.90909 1.88882 0
0.858838 2.73837 2.71803 0 1.90062 1.88053 0
0.861833 2.72071 2.70056 0 1.89227 1.87234 0
0.864808 2.70329 2.68334 0 1.88403 1.86427 0
0.867762 2.68612 2.66636 0 1.87591 1.85631 0
0.870696 2.66917 2.64959 0 1.86789 1.84846 0
0.873611 2.65245 2.63306 0 1.85997 1.84072 0
0.876507 2.63596 2.61673 0 1.85217 1.83308 0
0.879383 2.61968 2.60063 0 1.84448 1.82553 0
0.88224 2.60362 2.58473 0 1.83687 1.81809 0
0.885078 2.58775 2.56906 0 1.82937 1.81074 0
0.887898 2.5721 2.55358 0 1.82197 1.80348 0
0.8907 2.55666 2.53829 0 1.81466 1.79632 0
0.893484 2.54141 2.52321 0 1.80744 1.78927 0
0.896251 2.52635 2.5083 0 1.80032 1.78229 0
0.898999 2.51148 2.4936 0 1.79329 1.77539 0
0.901731 2.49679 2.47908 0 1.78633 1.76859 0
0.904445 2.48229 2.46474 0 1.77948 1.76187 0
0.907143 2.46798 2.45058 0 1.77271 1.75523 0
0.909823 2.45383 2.43658 0 1.76601 1.74868 0
0.912488 2.43987 2.42276 0 1.7594 1.74221 0
0.915136 2.42607 2.40911 0 1.75288 1.73582 0
0.917768 2.41242 2.39563 0 1.74643 1.7295 0
0.920384 2.39895 2.38231 0 1.74005 1.72326 0
0.922985 2.38565 2.36913 0 1.73376 1.71709 0
0.92557 2.3725 2.35613 0 1.72754 1.71099 0
0.92814 2.3595 2.34327 0 1.72138 1.70498 0
0.930694 2.34666 2.33057 0 1.71531 1.69903 0
0.933234 2.33396 2.31801 0 1.70931 1.69314 0
0.935759 2.32141 2.3056 0 1.70336 1.68733 0
0.938269 2.30901 2.29334 0 1.6975 1.68158 0
0.940765 2.29676 2.2812 0 1.6917 1.6759 0
0.943247 2.28464 2.26922 0 1.68597 1.67028 0
0.945715 2.27266 2.25736 0 1.68029 1.66474 0
0.948168 2.26081 2.24565 0 1.67469 1.65925 0
0.950608 2.24909 2.23406 0 1.66915 1.65382 0
0.953034 2.2375 2.2226 0 1.66367 1.64845 0
0.955447 2.22605 2.21127 0 1.65825 1.64314 0
0.957847 2.21472 2.20006 0 1.65289 1.63788 0
0.960233 2.20352 2.18898 0 1.64758 1.63269 0
0.962606 2.19244 2.17801 0 1.64234 1.62756 0
0.964966 2.18146 2.16717 0 1.63716 1.62248 0
0.967314 2.17062 2.15644 0 1.63203 1.61746 0
0.969649 2.15989 2.14582 0 1.62695 1.61248 0
0.971971 2.14928 2.13533 0 1.62193 1.60756 0
0.974281 2.13878 2.12493 0 1.61697 1.60269 0
0.976579 2.12839 2.11466 0 1.61204 1.59789 0
0.978865 2.1181 2.10448 0 1.60718 1.59312 0
0.981139 2.10793 2.09442 0 1.60237 1.58841 0
0.983401 2.09786 2.08447 0 1.5976 1.58374 0
0.985651 2.0879 2.0746 0 1.59289 1.57912 0
0.98789 2.07804 2.06485 0 1.58823 1.57455 0
0.990117 2.06828 2.05519 0 1.58361 1.57003 0
0.992333 2.05862 2.04564 0 1.57903 1.56556 0
0.994537 2.04904 2.03618 0 1.57451 1.56112 0
0.996731 2.03958 2.02681 0 1.57004 1.55674 0
0.998913 2.03021 2.01754 0 1.56559 1.55239 0
