0.025000 0.000000 0.000000 0.000000 0.000000
0.075000 0.000000 0.000000 0.000000 0.000000
0.125000 0.000000 0.000000 0.000000 0.000000
0.175000 0.000000 0.000000 0.000000 0.000000
0.225000 0.000000 0.000000 0.000000 0.000000
0.275000 0.000000 0.000000 0.000240 0.000240
0.325000 0.000120 0.000120 0.000515 0.000515
0.375000 0.000318 0.000317 0.000807 0.000806
0.425000 0.000536 0.000535 0.001096 0.001093
0.475000 0.000763 0.000760 0.001366 0.001360
0.525000 0.000993 0.000986 0.001651 0.001610
0.575000 0.001208 0.001194 0.001963 0.001864
0.625000 0.001479 0.001415 0.002386 0.002151
0.675000 0.001818 0.001659 0.002905 0.002453
0.725000 0.002302 0.001936 0.003577 0.002773
0.775000 0.002920 0.002235 0.004455 0.003115
0.825000 0.003736 0.002564 0.005592 0.003493
0.875000 0.004750 0.002923 0.006934 0.003901
0.925000 0.006245 0.003362 0.008715 0.004374
0.975000 0.007968 0.003834 0.010722 0.004877
1.025000 0.010040 0.004356 0.013027 0.005423
1.075000 0.012467 0.004935 0.015638 0.006019
1.125000 0.015121 0.005545 0.018470 0.006646
1.175000 0.018076 0.006211 0.021601 0.007328
1.225000 0.021241 0.006908 0.024933 0.008042
1.275000 0.024637 0.007646 0.028480 0.008797
1.325000 0.028241 0.008426 0.032219 0.009594
1.375000 0.032032 0.009236 0.036137 0.010421
1.425000 0.035977 0.010094 0.040203 0.011297
1.475000 0.040085 0.010983 0.044426 0.012206
1.525000 0.044285 0.011915 0.048736 0.013159
1.575000 0.048576 0.012889 0.053132 0.014154
1.625000 0.052990 0.013896 0.057647 0.015183
1.675000 0.057529 0.014935 0.062280 0.016246
1.725000 0.062175 0.016007 0.067021 0.017343
1.775000 0.066930 0.017112 0.071870 0.018474
1.825000 0.071777 0.018250 0.076820 0.019640
1.875000 0.076716 0.019420 0.081872 0.020842
1.925000 0.081756 0.020626 0.087016 0.022078
1.975000 0.086896 0.021869 0.092253 0.023348
2.025000 0.092026 0.023147 0.097477 0.024654
2.075000 0.097144 0.024459 0.102689 0.025994
2.125000 0.102339 0.025803 0.107971 0.027365
2.175000 0.107609 0.027178 0.113325 0.028769
2.225000 0.112948 0.028584 0.118742 0.030201
2.275000 0.118356 0.030020 0.124221 0.031662
2.325000 0.123820 0.031485 0.129755 0.033154
2.375000 0.129341 0.032980 0.135344 0.034677
2.425000 0.134912 0.034502 0.140979 0.036227
2.475000 0.140534 0.036053 0.146661 0.037804
2.525000 0.146139 0.037623 0.152327 0.039400
2.575000 0.151727 0.039212 0.157975 0.041017
2.625000 0.157350 0.040828 0.163658 0.042661
2.675000 0.163008 0.042470 0.169376 0.044330
2.725000 0.168700 0.044137 0.175125 0.046025
2.775000 0.174428 0.045830 0.180905 0.047743
2.825000 0.180181 0.047548 0.186711 0.049487
2.875000 0.185960 0.049289 0.192543 0.051256
2.925000 0.191764 0.051054 0.198396 0.053047
2.975000 0.197592 0.052843 0.204272 0.054861
3.025000 0.203407 0.054644 0.210136 0.056688
3.075000 0.209208 0.056458 0.215989 0.058526
3.125000 0.215029 0.058293 0.221858 0.060387
3.175000 0.220869 0.060150 0.227743 0.062269
3.225000 0.226725 0.062027 0.233643 0.064172
3.275000 0.232595 0.063925 0.239556 0.066094
3.325000 0.238480 0.065842 0.245482 0.068036
3.375000 0.244378 0.067779 0.251420 0.069998
3.425000 0.250288 0.069735 0.257370 0.071977
3.475000 0.256211 0.071708 0.263332 0.073975
3.525000 0.262117 0.073685 0.269277 0.075976
3.575000 0.268007 0.075665 0.275203 0.077980
3.625000 0.273906 0.077663 0.281138 0.080002
3.675000 0.279813 0.079679 0.287081 0.082041
3.725000 0.285726 0.081711 0.293031 0.084096
3.775000 0.291646 0.083759 0.298988 0.086167
3.825000 0.297569 0.085822 0.304950 0.088253
3.875000 0.303497 0.087901 0.310916 0.090354
3.925000 0.309435 0.089995 0.316888 0.092470
3.975000 0.315383 0.092103 0.322865 0.094601
4.025000 0.321334 0.094226 0.328847 0.096745
4.075000 0.327289 0.096364 0.334832 0.098902
4.125000 0.333243 0.098513 0.340820 0.101073
4.175000 0.339198 0.100675 0.346812 0.103259
4.225000 0.345160 0.102851 0.352806 0.105457
4.275000 0.351131 0.105042 0.358804 0.107668
4.325000 0.357099 0.107244 0.364803 0.109892
4.375000 0.363065 0.109457 0.370804 0.112128
4.425000 0.369040 0.111684 0.376807 0.114375
4.475000 0.375025 0.113924 0.382813 0.116633
4.525000 0.381007 0.116174 0.388822 0.118902
4.575000 0.386985 0.118435 0.394834 0.121183
4.625000 0.392968 0.120707 0.400846 0.123474
4.675000 0.398957 0.122990 0.406858 0.125776
4.725000 0.404940 0.125283 0.412870 0.128089
4.775000 0.410902 0.127571 0.418869 0.130398
4.825000 0.416861 0.129856 0.424854 0.132701
4.875000 0.422831 0.132152 0.430841 0.135014
4.925000 0.428793 0.134456 0.436827 0.137337
4.975000 0.434746 0.136767 0.442814 0.139669
5.025000 0.440709 0.139089 0.448801 0.142010
5.075000 0.446681 0.141422 0.454787 0.144360
5.125000 0.452647 0.143763 0.460775 0.146719
5.175000 0.458607 0.146112 0.466764 0.149087
5.225000 0.464569 0.148470 0.472753 0.151463
5.275000 0.470533 0.150837 0.478740 0.153847
5.325000 0.476500 0.153212 0.484729 0.156239
5.375000 0.482470 0.155596 0.490718 0.158640
5.425000 0.488433 0.157987 0.496707 0.161049
5.475000 0.494390 0.160385 0.502697 0.163465
5.525000 0.500356 0.162791 0.508686 0.165889
5.575000 0.506329 0.165204 0.514673 0.168319
5.625000 0.512298 0.167625 0.520661 0.170757
5.675000 0.518263 0.170054 0.526649 0.173204
5.725000 0.524225 0.172491 0.532637 0.175657
5.775000 0.530186 0.174936 0.538624 0.178117
5.825000 0.536151 0.177385 0.544611 0.180583
5.875000 0.542119 0.179840 0.550596 0.183055
5.925000 0.548088 0.182303 0.556582 0.185534
5.975000 0.554057 0.184774 0.562569 0.188020
6.025000 0.560011 0.187234 0.568545 0.190495
6.075000 0.565951 0.189682 0.574512 0.192959
6.125000 0.571889 0.192136 0.580479 0.195430
6.175000 0.577827 0.194596 0.586445 0.197908
6.225000 0.583776 0.197063 0.592411 0.200391
6.275000 0.589735 0.199540 0.598377 0.202880
6.325000 0.595687 0.202020 0.604342 0.205375
6.375000 0.601632 0.204504 0.610305 0.207874
6.425000 0.607574 0.206993 0.616268 0.210378
6.475000 0.613513 0.209488 0.622230 0.212888
6.525000 0.619453 0.211999 0.628192 0.215414
6.575000 0.625394 0.214526 0.634152 0.217956
6.625000 0.631335 0.217053 0.640113 0.220497
6.675000 0.637275 0.219579 0.646074 0.223038
6.725000 0.643215 0.222106 0.652034 0.225579
6.775000 0.649155 0.224632 0.657994 0.228120
6.825000 0.655095 0.227158 0.663953 0.230660
6.875000 0.661034 0.229683 0.669912 0.233200
6.925000 0.666973 0.232209 0.675872 0.235740
6.975000 0.672912 0.234734 0.681832 0.238281
7.025000 0.678850 0.237282 0.687789 0.240844
7.075000 0.684786 0.239855 0.693742 0.243429
7.125000 0.690722 0.242427 0.699695 0.246015
7.175000 0.696659 0.244998 0.705649 0.248600
7.225000 0.702595 0.247570 0.711603 0.251186
7.275000 0.708530 0.250142 0.717557 0.253772
7.325000 0.714466 0.252713 0.723510 0.256358
7.375000 0.720401 0.255284 0.729463 0.258943
7.425000 0.726337 0.257855 0.735416 0.261528
7.475000 0.732272 0.260426 0.741369 0.264113
7.525000 0.738205 0.263017 0.747319 0.266717
7.575000 0.744137 0.265628 0.753266 0.269340
7.625000 0.750069 0.268238 0.759213 0.271964
7.675000 0.756001 0.270849 0.765160 0.274588
7.725000 0.761933 0.273460 0.771107 0.277212
7.775000 0.767864 0.276070 0.777053 0.279834
7.825000 0.773796 0.278681 0.783000 0.282457
7.875000 0.779727 0.281291 0.788946 0.285081
7.925000 0.785658 0.283900 0.794893 0.287704
7.975000 0.791588 0.286510 0.800838 0.290326
8.025000 0.797517 0.289137 0.806781 0.292966
8.075000 0.803445 0.291782 0.812722 0.295623
8.125000 0.809372 0.294426 0.818662 0.298280
8.175000 0.815299 0.297071 0.824601 0.300936
8.225000 0.821227 0.299716 0.830540 0.303593
8.275000 0.827154 0.302360 0.836481 0.306250
8.325000 0.833081 0.305004 0.842420 0.308907
8.375000 0.839008 0.307648 0.848358 0.311562
8.425000 0.844935 0.310293 0.854298 0.314218
8.475000 0.850861 0.312937 0.860237 0.316875
8.525000 0.856786 0.315596 0.866175 0.319546
8.575000 0.862707 0.318271 0.872109 0.322232
8.625000 0.868628 0.320945 0.878043 0.324917
8.675000 0.874550 0.323619 0.883976 0.327602
8.725000 0.880471 0.326294 0.889911 0.330288
8.775000 0.886392 0.328968 0.895845 0.332974
8.825000 0.892313 0.331642 0.901780 0.335660
8.875000 0.898233 0.334316 0.907714 0.338346
8.925000 0.904154 0.336989 0.913648 0.341031
8.975000 0.910074 0.339663 0.919582 0.343717
9.025000 0.915990 0.342349 0.925512 0.346415
9.075000 0.921900 0.345049 0.931439 0.349125
9.125000 0.927811 0.347748 0.937367 0.351835
9.175000 0.933721 0.350447 0.943295 0.354547
9.225000 0.939631 0.353146 0.949223 0.357258
9.275000 0.945542 0.355845 0.955150 0.359968
9.325000 0.951451 0.358544 0.961078 0.362679
9.375000 0.957361 0.361243 0.967006 0.365390
9.425000 0.963271 0.363941 0.972934 0.368101
9.475000 0.969181 0.366640 0.978861 0.370811
9.525000 0.975092 0.369351 0.984786 0.373533
9.575000 0.981006 0.372074 0.990707 0.376264
9.625000 0.986921 0.374798 0.996630 0.378997
9.675000 0.992836 0.377522 1.002554 0.381732
9.725000 0.998750 0.380246 1.008478 0.384467
9.775000 1.004665 0.382970 1.014401 0.387200
9.825000 1.010579 0.385693 1.020324 0.389934
9.875000 1.016493 0.388416 1.026248 0.392668
9.925000 1.022407 0.391140 1.032172 0.395402
9.975000 1.028320 0.393863 1.038094 0.398134
