0.025000 0.000000 0.000000 0.000000 0.000000
0.075000 0.000000 0.000000 0.000000 0.000000
0.125000 0.000000 0.000000 0.000000 0.000000
0.175000 0.000000 0.000000 0.000000 0.000000
0.225000 0.000000 0.000000 0.000000 0.000000
0.275000 0.000000 0.000000 0.000000 0.000000
0.325000 0.000000 0.000000 0.000000 0.000000
0.375000 0.000223 0.000035 0.002111 0.000415
0.425000 0.001893 0.000265 0.005538 0.000993
0.475000 0.004725 0.000649 0.009857 0.001696
0.525000 0.009161 0.001275 0.015102 0.002550
0.575000 0.015199 0.002144 0.021272 0.003555
0.625000 0.021238 0.003012 0.027441 0.004560
0.675000 0.027932 0.004165 0.034034 0.005802
0.725000 0.034626 0.005319 0.040627 0.007045
0.775000 0.041113 0.006573 0.047028 0.008392
0.825000 0.047394 0.007928 0.053239 0.009842
0.875000 0.053675 0.009283 0.059449 0.011293
0.925000 0.059368 0.010828 0.065045 0.012905
0.975000 0.065061 0.012374 0.070640 0.014518
1.025000 0.070435 0.013982 0.075921 0.016186
1.075000 0.075488 0.015654 0.080888 0.017910
1.125000 0.080542 0.017326 0.085855 0.019634
1.175000 0.085027 0.019081 0.090282 0.021435
1.225000 0.089511 0.020837 0.094710 0.023236
1.275000 0.093775 0.022621 0.098911 0.025060
1.325000 0.097817 0.024433 0.102885 0.026906
1.375000 0.101859 0.026246 0.106859 0.028753
1.425000 0.105508 0.028085 0.110464 0.030623
1.475000 0.109157 0.029925 0.114069 0.032493
1.525000 0.112480 0.031766 0.117328 0.034356
1.575000 0.115477 0.033608 0.120241 0.036211
1.625000 0.118473 0.035451 0.123155 0.038065
1.675000 0.121470 0.037293 0.126068 0.039920
1.725000 0.124467 0.039136 0.128982 0.041774
1.775000 0.127463 0.040978 0.131895 0.043629
1.825000 0.130460 0.042821 0.134808 0.045484
1.875000 0.133456 0.044663 0.137722 0.047338
1.925000 0.136453 0.046506 0.140635 0.049193
1.975000 0.139449 0.048348 0.143549 0.051047
2.025000 0.141884 0.050096 0.145897 0.052786
2.075000 0.143758 0.051748 0.147682 0.054410
2.125000 0.145632 0.053401 0.149466 0.056033
2.175000 0.147506 0.055053 0.151251 0.057656
2.225000 0.149379 0.056705 0.153035 0.059280
2.275000 0.151253 0.058358 0.154820 0.060903
2.325000 0.153127 0.060010 0.156604 0.062526
2.375000 0.155000 0.061662 0.158389 0.064149
2.425000 0.156874 0.063315 0.160173 0.065773
2.475000 0.158748 0.064967 0.161958 0.067396
2.525000 0.160255 0.066480 0.163394 0.068882
2.575000 0.161394 0.067855 0.164481 0.070231
2.625000 0.162534 0.069229 0.165568 0.071580
2.675000 0.163674 0.070604 0.166655 0.072929
2.725000 0.164813 0.071978 0.167742 0.074278
2.775000 0.165953 0.073352 0.168830 0.075627
2.825000 0.167092 0.074727 0.169917 0.076976
2.875000 0.168232 0.076101 0.171004 0.078325
2.925000 0.169372 0.077476 0.172091 0.079674
2.975000 0.170511 0.078850 0.173178 0.081023
3.025000 0.171453 0.080109 0.174076 0.082259
3.075000 0.172196 0.081252 0.174784 0.083383
3.125000 0.172939 0.082395 0.175492 0.084506
3.175000 0.173682 0.083538 0.176201 0.085630
3.225000 0.174425 0.084681 0.176909 0.086754
3.275000 0.175168 0.085824 0.177617 0.087877
3.325000 0.175911 0.086967 0.178325 0.089001
3.375000 0.176654 0.088110 0.179034 0.090125
3.425000 0.177397 0.089253 0.179742 0.091248
3.475000 0.178140 0.090397 0.180450 0.092372
3.525000 0.178719 0.091397 0.181002 0.093357
3.575000 0.179135 0.092256 0.181399 0.094204
3.625000 0.179551 0.093115 0.181795 0.095051
3.675000 0.179967 0.093974 0.182191 0.095897
3.725000 0.180383 0.094832 0.182587 0.096744
3.775000 0.180798 0.095691 0.182984 0.097591
3.825000 0.181214 0.096550 0.183380 0.098438
3.875000 0.181630 0.097408 0.183776 0.099284
3.925000 0.182046 0.098267 0.184172 0.100131
3.975000 0.182462 0.099126 0.184569 0.100978
4.025000 0.182878 0.099984 0.184965 0.101825
4.075000 0.183294 0.100843 0.185361 0.102672
4.125000 0.183709 0.101702 0.185758 0.103518
4.175000 0.184125 0.102560 0.186154 0.104365
4.225000 0.184541 0.103419 0.186550 0.105212
4.275000 0.184957 0.104278 0.186946 0.106059
4.325000 0.185373 0.105137 0.187343 0.106905
4.375000 0.185789 0.105995 0.187739 0.107752
4.425000 0.186204 0.106854 0.188135 0.108599
4.475000 0.186620 0.107713 0.188531 0.109446
4.525000 0.187036 0.108571 0.188928 0.110292
4.575000 0.187452 0.109430 0.189324 0.111139
4.625000 0.187868 0.110289 0.189720 0.111986
4.675000 0.188284 0.111147 0.190116 0.112833
4.725000 0.188699 0.112006 0.190513 0.113680
4.775000 0.189013 0.112735 0.190812 0.114399
4.825000 0.189225 0.113334 0.191014 0.114992
4.875000 0.189437 0.113933 0.191216 0.115585
4.925000 0.189649 0.114532 0.191419 0.116178
4.975000 0.189861 0.115131 0.191621 0.116771
5.025000 0.190073 0.115730 0.191823 0.117364
5.075000 0.190285 0.116329 0.192026 0.117956
5.125000 0.190497 0.116928 0.192228 0.118549
5.175000 0.190709 0.117527 0.192430 0.119142
5.225000 0.190921 0.118126 0.192633 0.119735
5.275000 0.191133 0.118725 0.192835 0.120328
5.325000 0.191345 0.119325 0.193037 0.120920
5.375000 0.191557 0.119924 0.193239 0.121513
5.425000 0.191770 0.120523 0.193442 0.122106
5.475000 0.191982 0.121122 0.193644 0.122699
5.525000 0.192194 0.121721 0.193846 0.123292
5.575000 0.192406 0.122320 0.194049 0.123885
5.625000 0.192618 0.122919 0.194251 0.124477
5.675000 0.192830 0.123518 0.194453 0.125070
5.725000 0.193042 0.124117 0.194656 0.125663
5.775000 0.193254 0.124716 0.194858 0.126256
5.825000 0.193466 0.125315 0.195060 0.126849
5.875000 0.193678 0.125914 0.195262 0.127442
5.925000 0.193890 0.126513 0.195465 0.128034
5.975000 0.194102 0.127112 0.195667 0.128627
6.025000 0.194252 0.127584 0.195811 0.129095
6.075000 0.194340 0.127929 0.195895 0.129438
6.125000 0.194429 0.128274 0.195980 0.129780
6.175000 0.194518 0.128620 0.196065 0.130123
6.225000 0.194606 0.128965 0.196150 0.130466
6.275000 0.194695 0.129310 0.196235 0.130809
6.325000 0.194783 0.129655 0.196320 0.131151
6.375000 0.194872 0.130000 0.196404 0.131494
6.425000 0.194961 0.130345 0.196489 0.131837
6.475000 0.195049 0.130691 0.196574 0.132179
6.525000 0.195138 0.131036 0.196659 0.132522
6.575000 0.195226 0.131381 0.196744 0.132865
6.625000 0.195315 0.131726 0.196829 0.133207
6.675000 0.195403 0.132071 0.196913 0.133550
6.725000 0.195492 0.132416 0.196998 0.133893
6.775000 0.195581 0.132761 0.197083 0.134236
6.825000 0.195669 0.133107 0.197168 0.134578
6.875000 0.195758 0.133452 0.197253 0.134921
6.925000 0.195846 0.133797 0.197338 0.135264
6.975000 0.195935 0.134142 0.197423 0.135606
7.025000 0.196023 0.134487 0.197507 0.135949
7.075000 0.196112 0.134832 0.197592 0.136292
7.125000 0.196201 0.135177 0.197677 0.136634
7.175000 0.196289 0.135523 0.197762 0.136977
7.225000 0.196378 0.135868 0.197847 0.137320
7.275000 0.196466 0.136213 0.197932 0.137663
7.325000 0.196555 0.136558 0.198016 0.138005
7.375000 0.196644 0.136903 0.198101 0.138348
7.425000 0.196732 0.137248 0.198186 0.138691
7.475000 0.196821 0.137594 0.198271 0.139033
7.525000 0.196909 0.137939 0.198356 0.139376
7.575000 0.196998 0.138284 0.198441 0.139719
7.625000 0.197086 0.138629 0.198526 0.140061
7.675000 0.197175 0.138974 0.198610 0.140404
7.725000 0.197264 0.139319 0.198695 0.140747
7.775000 0.197352 0.139664 0.198780 0.141090
7.825000 0.197441 0.140010 0.198865 0.141432
7.875000 0.197529 0.140355 0.198950 0.141775
7.925000 0.197618 0.140700 0.199035 0.142118
7.975000 0.197707 0.141045 0.199119 0.142460
8.025000 0.197795 0.141390 0.199204 0.142803
8.075000 0.197884 0.141735 0.199289 0.143146
8.125000 0.197972 0.142080 0.199374 0.143488
8.175000 0.198061 0.142426 0.199459 0.143831
8.225000 0.198149 0.142771 0.199544 0.144174
8.275000 0.198238 0.143116 0.199628 0.144517
8.325000 0.198327 0.143461 0.199713 0.144859
8.375000 0.198415 0.143806 0.199798 0.145202
8.425000 0.198504 0.144151 0.199883 0.145545
8.475000 0.198592 0.144497 0.199968 0.145887
8.525000 0.198681 0.144842 0.200053 0.146230
8.575000 0.198769 0.145187 0.200137 0.146573
8.625000 0.198858 0.145532 0.200222 0.146915
8.675000 0.198947 0.145877 0.200307 0.147258
8.725000 0.199035 0.146222 0.200392 0.147601
8.775000 0.199124 0.146567 0.200477 0.147944
8.825000 0.199212 0.146913 0.200562 0.148286
8.875000 0.199301 0.147258 0.200647 0.148629
8.925000 0.199390 0.147603 0.200731 0.148972
8.975000 0.199478 0.147948 0.200816 0.149314
9.025000 0.199567 0.148293 0.200901 0.149657
9.075000 0.199655 0.148638 0.200986 0.150000
9.125000 0.199744 0.148983 0.201071 0.150342
9.175000 0.199832 0.149329 0.201156 0.150685
9.225000 0.199921 0.149674 0.201240 0.151028
9.275000 0.200010 0.150019 0.201325 0.151371
9.325000 0.200098 0.150364 0.201410 0.151713
9.375000 0.200187 0.150709 0.201495 0.152056
9.425000 0.200275 0.151054 0.201580 0.152399
9.475000 0.200364 0.151400 0.201665 0.152741
9.525000 0.200452 0.151745 0.201749 0.153084
9.575000 0.200541 0.152090 0.201834 0.153427
9.625000 0.200630 0.152435 0.201919 0.153769
9.675000 0.200718 0.152780 0.202004 0.154112
9.725000 0.200807 0.153125 0.202089 0.154455
9.775000 0.200895 0.153470 0.202174 0.154798
9.825000 0.200984 0.153816 0.202259 0.155140
9.875000 0.201073 0.154161 0.202343 0.155483
9.925000 0.201161 0.154506 0.202428 0.155826
9.975000 0.201250 0.154851 0.202513 0.156168
