-1.60206 0 0 0 0.384 0 0
-1.12494 0.370667 0 0 1.03467 0 0
-0.90309 1.9216 0 0 1.7848 0.432 0
-0.756962 4.61143 1.74286 0 2.45657 1.496 0
-0.647817 7.71467 5.21022 0 2.96 2.40622 0
-0.560667 10.124 8.22036 0 3.29636 2.93673 0
-0.488117 11.6345 10.196 0 3.524 3.26615 0
-0.425969 12.5051 11.408 0 3.68533 3.488 0
-0.371611 12.924 12.0772 0 3.80141 3.64353 0
-0.323306 13.0318 12.3697 0 3.88632 3.75516 0
-0.279841 12.9251 12.4011 0 3.94514 3.8339 0
-0.240332 12.6788 12.2588 0 3.9847 3.88835 0
-0.20412 12.3422 12.0011 0 4.00768 3.92304 0
-0.170696 11.9524 11.6736 0 4.01763 3.94281 0
-0.139662 11.5352 11.3034 0 4.01697 3.94993 0
-0.110698 11.1067 10.9128 0 4.00748 3.9471 0
-0.0835461 10.6781 10.5148 0 3.99006 3.93576 0
-0.0579919 10.2593 10.1192 0 3.96754 3.9176 0
-0.0338583 9.85362 9.73211 0 3.94043 3.89373 0
-0.0109954 9.46236 9.35856 0 3.9079 3.86626 0
0.0107239 9.0918 8.99971 0 3.87444 3.83502 0
0.0314085 8.73693 8.65674 0 3.83619 3.80037 0
0.0511525 8.40293 8.33156 0 3.79804 3.76453 0
0.0700379 8.08562 8.02102 0 3.75719 3.72536 0
0.0881361 7.78653 7.72947 0 3.71576 3.68645 0
0.10551 7.504 7.45216 0 3.67349 3.64565 0
0.122216 7.2363 7.19042 0 3.62928 3.60423 0
0.138303 6.98604 6.94356 0 3.5872 3.56291 0
0.153815 6.74835 6.70856 0 3.54358 3.51986 0
0.168792 6.52339 6.48861 0 3.49959 3.47851 0
0.18327 6.31213 6.27967 0 3.45672 3.43646 0
0.197281 6.11244 6.08133 0 3.41429 3.39416 0
0.210853 5.92283 5.89422 0 3.37151 3.35249 0
0.224015 5.74203 5.71749 0 3.328 3.31182 0
0.236789 5.57322 5.5491 0 3.28725 3.27084 0
0.249198 5.41262 5.38772 0 3.2467 3.22879 0
0.261263 5.2589 5.23627 0 3.20548 3.18899 0
0.273001 5.11248 5.09355 0 3.16437 3.15083 0
0.284431 4.97418 4.95683 0 3.12504 3.11242 0
0.295567 4.84304 4.82643 0 3.08668 3.07428 0
0.306425 4.71872 4.70222 0 3.04938 3.03659 0
0.317018 4.60019 4.58371 0 3.01272 2.99976 0
0.327359 4.48612 4.47016 0 2.97572 2.96315 0
0.337459 4.37618 4.36276 0 2.93853 2.92814 0
0.34733 4.2716 4.25973 0 2.90274 2.89321 0
0.356981 4.17262 4.1604 0 2.86835 2.85824 0
0.366423 4.07892 4.06486 0 2.83535 2.82391 0
0.375664 3.98796 3.97549 0 2.80219 2.79162 0
0.384712 3.89967 3.88882 0 2.76866 2.75926 0
0.393575 3.81527 3.80541 0 2.7358 2.72756 0
0.402261 3.73442 3.7259 0 2.70372 2.69659 0
0.410777 3.65697 3.64819 0 2.67285 2.6652 0
0.419129 3.58373 3.57368 0 2.64324 2.63448 0
0.427324 3.51245 3.50262 0 2.61364 2.60512 0
0.435367 3.44371 3.43505 0 2.58466 2.57673 0
0.443263 3.37787 3.36905 0 2.55629 2.54843 0
0.451018 3.31391 3.30588 0 2.52807 2.52081 0
0.458638 3.25179 3.24477 0 2.50007 2.49367 0
0.466126 3.19203 3.18544 0 2.47268 2.46674 0
0.473487 3.13449 3.12817 0 2.44588 2.44024 0
0.480725 3.07878 3.07276 0 2.4197 2.41408 0
0.487845 3.02546 3.0186 0 2.39434 2.388 0
0.49485 2.97453 2.9671 0 2.36998 2.36323 0
0.501744 2.92454 2.91786 0 2.3457 2.33931 0
0.50853 2.87634 2.86995 0 2.3218 2.31575 0
0.515211 2.82962 2.82321 0 2.29832 2.29234 0
0.521792 2.784 2.7785 0 2.27504 2.26968 0
0.528274 2.73979 2.73467 0 2.25206 2.24723 0
0.534661 2.69682 2.69241 0 2.2294 2.22523 0
0.540955 2.65433 2.65094 0 2.20662 2.20319 0
0.547159 2.61376 2.61013 0 2.1846 2.18111 0
0.553276 2.57494 2.57043 0 2.16369 2.15936 0
0.559308 2.53741 2.53236 0 2.14328 2.13832 0
0.565257 2.50109 2.49562 0 2.12335 2.11807 0
0.571126 2.46556 2.46027 0 2.1036 2.09847 0
0.576917 2.43128 2.42588 0 2.0844 2.0791 0
0.582631 2.39733 2.39221 0 2.06502 2.06 0
0.588272 2.36459 2.35948 0 2.04614 2.04119 0
0.59384 2.33264 2.32739 0 2.02764 2.02247 0
0.599337 2.30164 2.29597 0 2.00943 2.00395 0
0.604766 2.27113 2.26494 0 1.99133 1.98547 0
0.610128 2.24113 2.23539 0 1.97328 1.96778 0
0.615424 2.21198 2.20652 0 1.95556 1.95033 0
0.620656 2.18362 2.17871 0 1.93823 1.93351 0
0.625827 2.15586 2.15167 0 1.92107 1.91695 0
0.630936 2.12833 2.12494 0 1.90398 1.9004 0
0.635986 2.10201 2.0991 0 1.88754 1.88435 0
0.640978 2.07659 2.07383 0 1.87161 1.8685 0
0.645913 2.05205 2.04938 0 1.8562 1.85315 0
0.650793 2.02827 2.02509 0 1.84107 1.83774 0
0.655619 2.00488 2.00066 0 1.82608 1.82203 0
0.660391 1.9816 1.97775 0 1.81102 1.80728 0
0.665112 1.95926 1.95594 0 1.79652 1.79319 0
0.669782 1.93737 1.93433 0 1.78227 1.7791 0
0.674402 1.91558 1.91287 0 1.76792 1.76499 0
0.678973 1.89426 1.89131 0 1.75378 1.75064 0
0.683497 1.87331 1.87047 0 1.73971 1.73673 0
0.687975 1.8528 1.8503 0 1.72578 1.72322 0
0.692406 1.83295 1.83094 0 1.71226 1.71017 0
0.696793 1.81351 1.8117 0 1.69897 1.69709 0
0.701136 1.79411 1.79226 0 1.68559 1.6837 0
0.705436 1.77446 1.7734 0 1.6719 1.67062 0
0.709694 1.75567 1.75506 0 1.65877 1.65785 0
0.71391 1.73801 1.73689 0 1.64638 1.64512 0
0.718086 1.72067 1.71899 0 1.63416 1.63246 0
0.722222 1.70326 1.70127 0 1.62186 1.61989 0
0.72632 1.68612 1.68445 0 1.60977 1.60785 0
0.730378 1.66958 1.66785 0 1.59805 1.59594 0
0.7344 1.65384 1.65152 0 1.58678 1.58431 0
0.738384 1.63836 1.63556 0 1.57565 1.57286 0
0.742332 1.62288 1.62002 0 1.56447 1.56165 0
0.746245 1.60759 1.60506 0 1.55343 1.5508 0
0.750123 1.59275 1.59044 0 1.54267 1.54016 0
0.753966 1.57833 1.57596 0 1.53207 1.5296 0
0.757775 1.56421 1.56143 0 1.52171 1.51897 0
0.761552 1.55001 1.5476 0 1.51122 1.50878 0
0.765296 1.53567 1.53384 0 1.50057 1.49851 0
0.769008 1.52209 1.52015 0 1.49043 1.48831 0
0.772688 1.50856 1.50684 0 1.48024 1.47835 0
0.776338 1.49546 1.49352 0 1.47036 1.46838 0
0.779957 1.48239 1.48056 0 1.46046 1.45856 0
0.783546 1.46942 1.46782 0 1.4506 1.44884 0
0.787106 1.45675 1.45543 0 1.44088 1.4394 0
0.790637 1.44445 1.44316 0 1.43145 1.43001 0
0.794139 1.43214 1.43096 0 1.42191 1.42063 0
0.797614 1.41976 1.41863 0 1.41229 1.41106 0
0.801061 1.40759 1.40677 0 1.40283 1.40182 0
0.80448 1.39617 1.39517 0 1.39388 1.39274 0
0.807873 1.38487 1.38361 0 1.38503 1.38367 0
0.81124 1.37347 1.37219 0 1.37608 1.37472 0
0.814581 1.36211 1.36126 0 1.36714 1.3661 0
0.817896 1.35133 1.35043 0 1.35857 1.35755 0
0.821186 1.34063 1.33956 0 1.35002 1.34889 0
0.824451 1.32971 1.32872 0 1.34129 1.34022 0
0.827692 1.31929 1.31802 0 1.333 1.33163 0
0.830909 1.30905 1.30739 0 1.32477 1.32307 0
0.834103 1.29884 1.29741 0 1.31654 1.31506 0
0.837273 1.2888 1.28762 0 1.30842 1.3072 0
0.84042 1.2791 1.27786 0 1.30056 1.29934 0
0.843544 1.26938 1.26839 0 1.29266 1.29166 0
0.846646 1.25976 1.2593 0 1.28483 1.28427 0
0.849726 1.25018 1.25023 0 1.27703 1.2769 0
0.852785 1.24072 1.24129 0 1.26925 1.26961 0
0.855822 1.23167 1.23242 0 1.26181 1.26233 0
0.858838 1.22281 1.2237 0 1.25453 1.25511 0
0.861833 1.2141 1.21509 0 1.2474 1.248 0
0.864808 1.20567 1.20658 0 1.2404 1.24097 0
0.867762 1.19726 1.19812 0 1.23338 1.23393 0
0.870696 1.18914 1.18972 0 1.22663 1.22694 0
0.873611 1.18119 1.18139 0 1.21999 1.21999 0
0.876507 1.17338 1.17322 0 1.21348 1.21313 0
0.879383 1.16547 1.16516 0 1.20688 1.20636 0
0.88224 1.1579 1.15704 0 1.20051 1.19955 0
0.885078 1.15031 1.149 0 1.1941 1.19279 0
0.887898 1.14277 1.14102 0 1.18774 1.18607 0
0.8907 1.1352 1.13343 0 1.18136 1.17961 0
0.893484 1.12755 1.12597 0 1.1749 1.17328 0
0.896251 1.11986 1.11865 0 1.16836 1.16703 0
0.898999 1.1122 1.11153 0 1.16182 1.16096 0
0.901731 1.10495 1.10454 0 1.15561 1.155 0
0.904445 1.09801 1.0976 0 1.14963 1.14905 0
0.907143 1.09105 1.09075 0 1.14362 1.14312 0
0.909823 1.08428 1.08389 0 1.13776 1.13721 0
0.912488 1.07761 1.07706 0 1.13198 1.13129 0
0.915136 1.07091 1.0702 0 1.12614 1.12536 0
0.917768 1.06422 1.06337 0 1.12033 1.11946 0
0.920384 1.05756 1.05665 0 1.11453 1.11359 0
0.922985 1.05099 1.05001 0 1.10881 1.10777 0
0.92557 1.0442 1.04336 0 1.10288 1.10195 0
0.92814 1.03747 1.03671 0 1.097 1.09613 0
0.930694 1.03078 1.03036 0 1.09109 1.09053 0
0.933234 1.02437 1.0243 0 1.0854 1.08518 0
0.935759 1.01812 1.01827 0 1.07985 1.07984 0
0.938269 1.01195 1.01224 0 1.07436 1.0745 0
0.940765 1.00591 1.0061 0 1.06897 1.06903 0
0.943247 0.999989 0.999909 0 1.06368 1.06352 0
0.945715 0.994119 0.993813 0 1.05847 1.05807 0
0.948168 0.98827 0.98791 0 1.05325 1.0528 0
0.950608 0.982431 0.981983 0 1.04807 1.04751 0
0.953034 0.976724 0.976056 0 1.04299 1.04222 0
0.955447 0.971125 0.970393 0 1.03797 1.03713 0
0.957847 0.965675 0.964959 0 1.03308 1.03223 0
0.960233 0.960416 0.959551 0 1.02834 1.02738 0
0.962606 0.955259 0.954202 0 1.02367 1.02256 0
0.964966 0.950125 0.948911 0 1.01904 1.0178 0
0.967314 0.945057 0.94386 0 1.01446 1.01322 0
0.969649 0.939936 0.938788 0 1.00983 1.00862 0
0.971971 0.934645 0.933589 0 1.00505 1.00391 0
0.974281 0.929379 0.928435 0 1.00029 0.999236 0
0.976579 0.92438 0.923367 0 0.995736 0.994639 0
0.978865 0.91937 0.918404 0 0.991181 0.99011 0
0.981139 0.914527 0.913483 0 0.986757 0.985619 0
0.983401 0.909818 0.90853 0 0.982442 0.981101 0
0.985651 0.905106 0.903876 0 0.978098 0.976827 0
0.98789 0.900422 0.899321 0 0.973789 0.972648 0
0.990117 0.895673 0.894762 0 0.969442 0.96845 0
0.992333 0.89088 0.890209 0 0.965028 0.964265 0
0.994537 0.886137 0.88557 0 0.960668 0.96 0
0.996731 0.881542 0.880917 0 0.956413 0.955728 0
0.998913 0.876942 0.876371 0 0.95217 0.951519 0
