-1.60206 0 0 0 0 0 0
-1.12494 0 0 0 0 0 0
-0.90309 0 0 0 0 0 0
-0.756962 0 0 0 0 0 0
-0.647817 0 0 0 0 0 0
-0.560667 0.0872727 0 0 0.0872727 0 0
-0.488117 0.158462 0.0369231 0 0.158462 0.0369231 0
-0.425969 0.2152 0.0848 0 0.214933 0.0845333 0
-0.371611 0.257882 0.126118 0 0.257176 0.125882 0
-0.323306 0.287579 0.160632 0 0.286316 0.16 0
-0.279841 0.314476 0.189143 0 0.306667 0.18781 0
-0.240332 0.341391 0.210087 0 0.324174 0.207652 0
-0.20412 0.38176 0.23664 0 0.34416 0.2264 0
-0.170696 0.43037 0.269333 0 0.363407 0.245778 0
-0.139662 0.493379 0.317517 0 0.382483 0.267034 0
-0.110698 0.574839 0.376774 0 0.401935 0.288387 0
-0.0835461 0.677818 0.452848 0 0.423394 0.310788 0
-0.0579919 0.792457 0.542857 0 0.445829 0.334057 0
-0.0338583 0.942162 0.675135 0 0.472865 0.363459 0
-0.0109954 1.09969 0.817231 0 0.500205 0.393231 0
0.0107239 1.27093 0.979512 0 0.529073 0.424976 0
0.0314085 1.4547 1.15972 0 0.559907 0.45907 0
0.0511525 1.64178 1.34409 0 0.590756 0.492889 0
0.0700379 1.83838 1.53838 0 0.62366 0.528596 0
0.0881361 2.03535 1.73396 0 0.65649 0.563918 0
0.10551 2.23373 1.93231 0 0.689961 0.599686 0
0.122216 2.43162 2.1314 0 0.724075 0.635925 0
0.138303 2.62815 2.3296 0 0.757891 0.671709 0
0.153815 2.82126 2.5247 0 0.792772 0.708351 0
0.168792 3.01193 2.71763 0 0.827525 0.74461 0
0.18327 3.1958 2.90393 0 0.862885 0.781311 0
0.197281 3.37346 3.08419 0 0.898667 0.818349 0
0.210853 3.54751 3.26092 0 0.934338 0.855138 0
0.224015 3.71821 3.43457 0 0.96991 0.891642 0
0.236789 3.88528 3.60435 0 1.00539 0.927942 0
0.249198 4.04901 3.7707 0 1.04079 0.964056 0
0.261263 4.20932 3.93299 0 1.07616 1 0
0.273001 4.36651 4.09152 0 1.11157 1.03573 0
0.284431 4.52031 4.24706 0 1.14691 1.07148 0
0.295567 4.67104 4.3998 0 1.18218 1.10729 0
0.306425 4.81368 4.54449 0 1.21748 1.14306 0
0.317018 4.94887 4.68164 0 1.25272 1.17875 0
0.327359 5.08099 4.81595 0 1.28776 1.21426 0
0.337459 5.21034 4.94754 0 1.32271 1.24956 0
0.34733 5.33672 5.07631 0 1.35735 1.28467 0
0.356981 5.46026 5.20246 0 1.39174 1.31956 0
0.366423 5.58086 5.32559 0 1.42598 1.35419 0
0.375664 5.69869 5.44594 0 1.46008 1.38863 0
0.384712 5.81357 5.56338 0 1.4939 1.42276 0
0.393575 5.9257 5.67814 0 1.52743 1.45669 0
0.402261 6.03275 5.78768 0 1.5604 1.49002 0
0.410777 6.13495 5.89231 0 1.59289 1.5228 0
0.419129 6.23459 5.99429 0 1.62518 1.55535 0
0.427324 6.33181 6.09376 0 1.6572 1.58766 0
0.435367 6.42661 6.19083 0 1.68899 1.61971 0
0.443263 6.5191 6.28569 0 1.72047 1.65153 0
0.451018 6.60924 6.37809 0 1.75175 1.68312 0
0.458638 6.69715 6.46817 0 1.78282 1.7144 0
0.466126 6.78277 6.55603 0 1.81357 1.74544 0
0.473487 6.86629 6.64175 0 1.84407 1.77624 0
0.480725 6.94664 6.7242 0 1.87398 1.80641 0
0.487845 7.02403 6.80351 0 1.90328 1.83603 0
0.49485 7.09946 6.88093 0 1.93238 1.86538 0
0.501744 7.17301 6.9565 0 1.96123 1.89449 0
0.50853 7.24474 7.03023 0 1.98983 1.92332 0
0.515211 7.31469 7.10214 0 2.01814 1.95191 0
0.521792 7.38292 7.17233 0 2.0462 1.98021 0
0.528274 7.44948 7.24083 0 2.07401 2.00827 0
0.534661 7.51445 7.30768 0 2.10152 2.03606 0
0.540955 7.5779 7.37298 0 2.12878 2.06354 0
0.547159 7.63906 7.43594 0 2.15535 2.09035 0
0.553276 7.69799 7.4967 0 2.18126 2.1165 0
0.559308 7.75553 7.55603 0 2.20695 2.14243 0
0.565257 7.81173 7.61396 0 2.23241 2.16814 0
0.571126 7.8666 7.6705 0 2.25761 2.19358 0
0.576917 7.92021 7.72572 0 2.28257 2.21878 0
0.582631 7.97255 7.77958 0 2.30727 2.24371 0
0.588272 8.02364 7.83218 0 2.33172 2.26841 0
0.59384 8.07358 7.88369 0 2.35592 2.29287 0
0.599337 8.12239 7.93416 0 2.3799 2.31706 0
0.604766 8.17011 7.98345 0 2.4036 2.34102 0
0.610128 8.21674 8.03163 0 2.42704 2.36476 0
0.615424 8.2623 8.07862 0 2.45025 2.38819 0
0.620656 8.30687 8.1245 0 2.47327 2.41138 0
0.625827 8.35044 8.16947 0 2.49602 2.43434 0
0.630936 8.39308 8.21359 0 2.51855 2.45712 0
0.635986 8.43475 8.25662 0 2.54086 2.47963 0
0.640978 8.47552 8.29863 0 2.56293 2.50187 0
0.645913 8.51541 8.33989 0 2.58475 2.52393 0
0.650793 8.55448 8.38045 0 2.60632 2.54579 0
0.655619 8.59275 8.42004 0 2.62767 2.56738 0
0.660391 8.63025 8.45869 0 2.64881 2.58874 0
0.665112 8.66694 8.49661 0 2.66971 2.60988 0
0.669782 8.70284 8.53384 0 2.6904 2.6308 0
0.674402 8.73799 8.57016 0 2.71088 2.65149 0
0.678973 8.77213 8.60528 0 2.73085 2.67164 0
0.683497 8.80526 8.63961 0 2.75028 2.69132 0
0.687975 8.83776 8.67346 0 2.76952 2.71081 0
0.692406 8.86958 8.70646 0 2.78857 2.73007 0
0.696793 8.90078 8.73861 0 2.80742 2.74909 0
0.701136 8.93136 8.77033 0 2.82607 2.76794 0
0.705436 8.96132 8.8016 0 2.84453 2.78664 0
0.709694 8.99073 8.83214 0 2.86281 2.80513 0
0.71391 9.01959 8.86197 0 2.88091 2.82342 0
0.718086 9.0479 8.89127 0 2.89881 2.84153 0
0.722222 9.07564 8.92006 0 2.91653 2.85947 0
0.72632 9.10289 8.94836 0 2.93407 2.87722 0
0.730378 9.12964 8.97619 0 2.95144 2.89481 0
0.7344 9.15589 9.00337 0 2.96865 2.9122 0
0.738384 9.18168 9.02995 0 2.98566 2.92941 0
0.742332 9.20699 9.05622 0 3.00252 2.94644 0
0.746245 9.2318 9.08213 0 3.01917 2.9633 0
0.750123 9.2562 9.10752 0 3.03568 2.98 0
0.753966 9.28016 9.13239 0 3.05205 2.99655 0
0.757775 9.3037 9.15677 0 3.06824 3.01294 0
0.761552 9.32682 9.18071 0 3.08428 3.02919 0
0.765296 9.34955 9.20431 0 3.10014 3.04524 0
0.769008 9.37185 9.22756 0 3.11583 3.06111 0
0.772688 9.39379 9.25043 0 3.13138 3.07684 0
0.776338 9.41538 9.27292 0 3.14678 3.09245 0
0.779957 9.43643 9.29479 0 3.16174 3.10762 0
0.783546 9.45699 9.31607 0 3.17628 3.12234 0
0.787106 9.47721 9.33696 0 3.19069 3.13691 0
0.790637 9.49709 9.35752 0 3.20499 3.15135 0
0.794139 9.51664 9.37793 0 3.21913 3.16567 0
0.797614 9.53589 9.39817 0 3.23315 3.17992 0
0.801061 9.55481 9.41798 0 3.24704 3.19399 0
0.80448 9.57341 9.43736 0 3.26077 3.20791 0
0.807873 9.59172 9.4564 0 3.27437 3.22168 0
0.81124 9.60973 9.4751 0 3.28785 3.23534 0
0.814581 9.62746 9.49353 0 3.30136 3.24903 0
0.817896 9.6449 9.5117 0 3.31492 3.26275 0
0.821186 9.66208 9.52958 0 3.32826 3.27627 0
0.824451 9.67901 9.54719 0 3.34139 3.28957 0
0.827692 9.69567 9.56454 0 3.35433 3.30269 0
0.830909 9.71209 9.58162 0 3.36708 3.3156 0
0.834103 9.72825 9.59846 0 3.37963 3.32832 0
0.837273 9.74417 9.61504 0 3.392 3.34084 0
0.84042 9.75988 9.63138 0 3.40419 3.3532 0
0.843544 9.77537 9.64748 0 3.41622 3.36536 0
0.846646 9.79059 9.66335 0 3.42838 3.37768 0
0.849726 9.80554 9.67895 0 3.44069 3.39018 0
0.852785 9.82028 9.69434 0 3.45284 3.40248 0
0.855822 9.83483 9.70953 0 3.46481 3.41461 0
0.858838 9.84918 9.7245 0 3.47662 3.42657 0
0.861833 9.86333 9.73924 0 3.48827 3.43838 0
0.864808 9.87727 9.7538 0 3.49977 3.45001 0
0.867762 9.89102 9.76815 0 3.51109 3.46148 0
0.870696 9.90459 9.78232 0 3.52226 3.47279 0
0.873611 9.91798 9.79628 0 3.53328 3.48396 0
0.876507 9.93115 9.81003 0 3.54441 3.49524 0
0.879383 9.94411 9.82359 0 3.55564 3.50664 0
0.88224 9.95689 9.83697 0 3.56674 3.51788 0
0.885078 9.96951 9.85018 0 3.57769 3.52898 0
0.887898 9.98197 9.86321 0 3.5885 3.53994 0
0.8907 9.99425 9.87606 0 3.59915 3.55074 0
0.893484 10.0064 9.88877 0 3.60967 3.56142 0
0.896251 10.0184 9.9013 0 3.62008 3.57195 0
0.898999 10.0302 9.91367 0 3.63033 3.58233 0
0.901731 10.0419 9.92587 0 3.64045 3.5926 0
0.904445 10.0533 9.93791 0 3.65067 3.60295 0
0.907143 10.0647 9.94978 0 3.66097 3.6134 0
0.909823 10.0758 9.9615 0 3.67114 3.6237 0
0.912488 10.0869 9.97308 0 3.68117 3.6339 0
0.915136 10.0978 9.98452 0 3.6911 3.64396 0
0.917768 10.1085 9.99582 0 3.70091 3.6539 0
0.920384 10.1192 10.007 0 3.71059 3.66371 0
0.922985 10.1296 10.018 0 3.72014 3.67341 0
0.92557 10.14 10.0289 0 3.72959 3.683 0
0.92814 10.1503 10.0397 0 3.73894 3.69247 0
0.930694 10.1604 10.0503 0 3.74834 3.70201 0
0.933234 10.1704 10.0607 0 3.75781 3.71162 0
0.935759 10.1802 10.071 0 3.76715 3.7211 0
0.938269 10.1899 10.0813 0 3.77639 3.73048 0
0.940765 10.1996 10.0914 0 3.78554 3.73976 0
0.943247 10.2091 10.1013 0 3.79458 3.74892 0
0.945715 10.2185 10.1112 0 3.80351 3.75798 0
0.948168 10.2278 10.1209 0 3.81235 3.76694 0
0.950608 10.237 10.1306 0 3.82108 3.77579 0
0.953034 10.246 10.1401 0 3.82972 3.78455 0
0.955447 10.255 10.1495 0 3.83839 3.79334 0
0.957847 10.2638 10.1587 0 3.84711 3.80219 0
0.960233 10.2725 10.1678 0 3.85573 3.81094 0
0.962606 10.2811 10.1768 0 3.86427 3.81959 0
0.964966 10.2897 10.1857 0 3.87272 3.82814 0
0.967314 10.2981 10.1945 0 3.88106 3.8366 0
0.969649 10.3065 10.2032 0 3.88932 3.84498 0
0.971971 10.3147 10.2119 0 3.89749 3.85326 0
0.974281 10.3229 10.2204 0 3.90558 3.86144 0
0.976579 10.331 10.2288 0 3.91357 3.86955 0
0.978865 10.339 10.2372 0 3.92161 3.8777 0
0.981139 10.3468 10.2455 0 3.92965 3.88589 0
0.983401 10.3546 10.2537 0 3.93763 3.89401 0
0.985651 10.3623 10.2619 0 3.94555 3.90204 0
0.98789 10.37 10.2699 0 3.95339 3.90998 0
0.990117 10.3775 10.2779 0 3.96113 3.91785 0
0.992333 10.385 10.2858 0 3.96879 3.92563 0
0.994537 10.3924 10.2936 0 3.97638 3.93333 0
0.996731 10.3997 10.3013 0 3.9839 3.94096 0
0.998913 10.407 10.309 0 3.99132 3.9485 0
