-1.60206 0 0 0 0 0 0
-1.12494 0 0 0 0 0 0
-0.90309 0 0 0 0 0 0
-0.756962 0.00114286 0.00114286 0 0.00114286 0.00114286 0
-0.647817 0.0142222 0.0142222 0 0.0142222 0.0142222 0
-0.560667 0.0436364 0.0436364 0 0.0436364 0.0436364 0
-0.488117 0.0793846 0.0793846 0 0.0793846 0.0793846 0
-0.425969 0.314133 0.314133 0 0.1864 0.1864 0
-0.371611 0.591529 0.591529 0 0.297882 0.297882 0
-0.323306 0.870947 0.870947 0 0.402947 0.402947 0
-0.279841 1.15257 1.15257 0 0.502476 0.502476 0
-0.240332 1.43739 1.43739 0 0.6 0.6 0
-0.20412 1.68208 1.68208 0 0.68432 0.68432 0
-0.170696 1.91289 1.91289 0 0.767852 0.767852 0
-0.139662 2.11683 2.11683 0 0.840552 0.840552 0
-0.110698 2.29394 2.29394 0 0.906839 0.906839 0
-0.0835461 2.45079 2.45079 0 0.968485 0.968485 0
-0.0579919 2.59531 2.59531 0 1.02434 1.02434 0
-0.0338583 2.71935 2.71935 0 1.07924 1.07924 0
-0.0109954 2.83631 2.83631 0 1.12944 1.12944 0
0.0107239 2.94137 2.94137 0 1.17707 1.17707 0
0.0314085 3.03637 3.03637 0 1.22279 1.22279 0
0.0511525 3.12791 3.12791 0 1.26551 1.26551 0
0.0700379 3.20647 3.20647 0 1.30732 1.30732 0
0.0881361 3.28286 3.28286 0 1.34661 1.34661 0
0.10551 3.35271 3.35271 0 1.38424 1.38424 0
0.122216 3.41645 3.41645 0 1.4203 1.4203 0
0.138303 3.47884 3.47884 0 1.45455 1.45455 0
0.153815 3.53214 3.53214 0 1.48751 1.48751 0
0.168792 3.58454 3.58454 0 1.51905 1.51905 0
0.18327 3.62774 3.62774 0 1.54859 1.54859 0
0.197281 3.6626 3.6626 0 1.57625 1.57625 0
0.210853 3.69723 3.69723 0 1.60302 1.60302 0
0.224015 3.73152 3.73152 0 1.62896 1.62896 0
0.236789 3.76545 3.76545 0 1.65414 1.65414 0
0.249198 3.79904 3.79904 0 1.67865 1.67865 0
0.261263 3.83216 3.83216 0 1.70258 1.70258 0
0.273001 3.86491 3.86491 0 1.72592 1.72592 0
0.284431 3.89719 3.89719 0 1.74878 1.74878 0
0.295567 3.92906 3.92906 0 1.77114 1.77114 0
0.306425 3.94899 3.94899 0 1.78953 1.78953 0
0.317018 3.95788 3.95788 0 1.80434 1.80434 0
0.327359 3.9672 3.9672 0 1.81906 1.81906 0
0.337459 3.97692 3.97692 0 1.83361 1.83361 0
0.34733 3.98688 3.98688 0 1.848 1.848 0
0.356981 3.99714 3.99714 0 1.86229 1.86229 0
0.366423 4.00757 4.00757 0 1.87647 1.87647 0
0.375664 4.01815 4.01815 0 1.89053 1.89053 0
0.384712 4.02878 4.02878 0 1.90445 1.90445 0
0.393575 4.03947 4.03947 0 1.91822 1.91822 0
0.402261 4.044 4.044 0 1.92895 1.92895 0
0.410777 4.04276 4.04276 0 1.93682 1.93682 0
0.419129 4.04187 4.04187 0 1.94472 1.94472 0
0.427324 4.04138 4.04138 0 1.95275 1.95275 0
0.435367 4.04117 4.04117 0 1.96081 1.96081 0
0.443263 4.0413 4.0413 0 1.96894 1.96894 0
0.451018 4.04163 4.04163 0 1.97713 1.97713 0
0.458638 4.04216 4.04216 0 1.98536 1.98536 0
0.466126 4.04287 4.04287 0 1.99361 1.99361 0
0.473487 4.04376 4.04376 0 2.00188 2.00188 0
0.480725 4.04393 4.04393 0 2.00803 2.00803 0
0.487845 4.04358 4.04358 0 2.0122 2.0122 0
0.49485 4.04365 4.04365 0 2.01642 2.01642 0
0.501744 4.04406 4.04406 0 2.02076 2.02076 0
0.50853 4.04481 4.04481 0 2.02518 2.02518 0
0.515211 4.04589 4.04589 0 2.02965 2.02965 0
0.521792 4.04725 4.04725 0 2.0342 2.0342 0
0.528274 4.04892 4.04892 0 2.03879 2.03879 0
0.534661 4.0508 4.0508 0 2.04339 2.04339 0
0.540955 4.05298 4.05298 0 2.04806 2.04806 0
0.547159 4.05319 4.05319 0 2.05089 2.05089 0
0.553276 4.05155 4.05155 0 2.052 2.052 0
0.559308 4.05023 4.05023 0 2.05324 2.05324 0
0.565257 4.0492 4.0492 0 2.05459 2.05459 0
0.571126 4.04846 4.04846 0 2.05603 2.05603 0
0.576917 4.048 4.048 0 2.05756 2.05756 0
0.582631 4.04776 4.04776 0 2.05916 2.05916 0
0.588272 4.04779 4.04779 0 2.06085 2.06085 0
0.59384 4.04803 4.04803 0 2.0626 2.0626 0
0.599337 4.0485 4.0485 0 2.0644 2.0644 0
0.604766 4.04919 4.04919 0 2.06626 2.06626 0
0.610128 4.05009 4.05009 0 2.06817 2.06817 0
0.615424 4.05115 4.05115 0 2.07011 2.07011 0
0.620656 4.05241 4.05241 0 2.07212 2.07212 0
0.625827 4.05382 4.05382 0 2.07415 2.07415 0
0.630936 4.05542 4.05542 0 2.07623 2.07623 0
0.635986 4.05716 4.05716 0 2.07834 2.07834 0
0.640978 4.05906 4.05906 0 2.08046 2.08046 0
0.645913 4.06111 4.06111 0 2.0826 2.0826 0
0.650793 4.06328 4.06328 0 2.08476 2.08476 0
0.655619 4.06561 4.06561 0 2.08694 2.08694 0
0.660391 4.06809 4.06809 0 2.08911 2.08911 0
0.665112 4.07068 4.07068 0 2.09131 2.09131 0
0.669782 4.07337 4.07337 0 2.09352 2.09352 0
0.674402 4.07617 4.07617 0 2.09572 2.09572 0
0.678973 4.07805 4.07805 0 2.09677 2.09677 0
0.683497 4.07901 4.07901 0 2.09668 2.09668 0
0.687975 4.08012 4.08012 0 2.09666 2.09666 0
0.692406 4.08138 4.08138 0 2.09665 2.09665 0
0.696793 4.08277 4.08277 0 2.0967 2.0967 0
0.701136 4.0843 4.0843 0 2.09678 2.09678 0
0.705436 4.08593 4.08593 0 2.09689 2.09689 0
0.709694 4.08769 4.08769 0 2.09703 2.09703 0
0.71391 4.08958 4.08958 0 2.09722 2.09722 0
0.718086 4.09158 4.09158 0 2.09744 2.09744 0
0.722222 4.09369 4.09369 0 2.09765 2.09765 0
0.72632 4.09591 4.09591 0 2.09792 2.09792 0
0.730378 4.09823 4.09823 0 2.0982 2.0982 0
0.7344 4.10066 4.10066 0 2.09849 2.09849 0
0.738384 4.1032 4.1032 0 2.09881 2.09881 0
0.742332 4.10583 4.10583 0 2.09915 2.09915 0
0.746245 4.10854 4.10854 0 2.09948 2.09948 0
0.750123 4.11134 4.11134 0 2.09986 2.09986 0
0.753966 4.11424 4.11424 0 2.10023 2.10023 0
0.757775 4.11721 4.11721 0 2.10063 2.10063 0
0.761552 4.12028 4.12028 0 2.10102 2.10102 0
0.765296 4.12342 4.12342 0 2.10142 2.10142 0
0.769008 4.12662 4.12662 0 2.10184 2.10184 0
0.772688 4.12991 4.12991 0 2.10224 2.10224 0
0.776338 4.13329 4.13329 0 2.10268 2.10268 0
0.779957 4.1332 4.1332 0 2.10271 2.10271 0
0.783546 4.12961 4.12961 0 2.10237 2.10237 0
0.787106 4.12607 4.12607 0 2.10207 2.10207 0
0.790637 4.12261 4.12261 0 2.10183 2.10183 0
0.794139 4.11918 4.11918 0 2.10162 2.10162 0
0.797614 4.11582 4.11582 0 2.10145 2.10145 0
0.801061 4.11251 4.11251 0 2.10131 2.10131 0
0.80448 4.10924 4.10924 0 2.10121 2.10121 0
0.807873 4.10601 4.10601 0 2.10112 2.10112 0
0.81124 4.10283 4.10283 0 2.10108 2.10108 0
0.814581 4.09969 4.09969 0 2.10112 2.10112 0
0.817896 4.09661 4.09661 0 2.10126 2.10126 0
0.821186 4.09355 4.09355 0 2.10139 2.10139 0
0.824451 4.09056 4.09056 0 2.10151 2.10151 0
0.827692 4.0876 4.0876 0 2.10164 2.10164 0
0.830909 4.08468 4.08468 0 2.10174 2.10174 0
0.834103 4.0818 4.0818 0 2.10186 2.10186 0
0.837273 4.07897 4.07897 0 2.10196 2.10196 0
0.84042 4.07617 4.07617 0 2.10208 2.10208 0
0.843544 4.07342 4.07342 0 2.10219 2.10219 0
0.846646 4.07069 4.07069 0 2.10241 2.10241 0
0.849726 4.06799 4.06799 0 2.10274 2.10274 0
0.852785 4.06532 4.06532 0 2.10309 2.10309 0
0.855822 4.06269 4.06269 0 2.10341 2.10341 0
0.858838 4.0601 4.0601 0 2.10374 2.10374 0
0.861833 4.05754 4.05754 0 2.10405 2.10405 0
0.864808 4.05502 4.05502 0 2.10438 2.10438 0
0.867762 4.05252 4.05252 0 2.10468 2.10468 0
0.870696 4.05006 4.05006 0 2.10498 2.10498 0
0.873611 4.04764 4.04764 0 2.10528 2.10528 0
0.876507 4.04522 4.04522 0 2.10567 2.10567 0
0.879383 4.04284 4.04284 0 2.10615 2.10615 0
0.88224 4.04047 4.04047 0 2.10662 2.10662 0
0.885078 4.03815 4.03815 0 2.10709 2.10709 0
0.887898 4.03586 4.03586 0 2.10755 2.10755 0
0.8907 4.03358 4.03358 0 2.108 2.108 0
0.893484 4.03134 4.03134 0 2.10845 2.10845 0
0.896251 4.02913 4.02913 0 2.10889 2.10889 0
0.898999 4.02694 4.02694 0 2.10931 2.10931 0
0.901731 4.02478 4.02478 0 2.10973 2.10973 0
0.904445 4.02263 4.02263 0 2.11023 2.11023 0
0.907143 4.02051 4.02051 0 2.11081 2.11081 0
0.909823 4.0184 4.0184 0 2.11137 2.11137 0
0.912488 4.01632 4.01632 0 2.11193 2.11193 0
0.915136 4.01426 4.01426 0 2.11247 2.11247 0
0.917768 4.01223 4.01223 0 2.11302 2.11302 0
0.920384 4.01022 4.01022 0 2.11355 2.11355 0
0.922985 4.00824 4.00824 0 2.11407 2.11407 0
0.92557 4.00627 4.00627 0 2.11459 2.11459 0
0.92814 4.00434 4.00434 0 2.1151 2.1151 0
0.930694 4.00242 4.00242 0 2.11567 2.11567 0
0.933234 4.0005 4.0005 0 2.1163 2.1163 0
0.935759 3.99861 3.99861 0 2.11693 2.11693 0
0.938269 3.99674 3.99674 0 2.11753 2.11753 0
0.940765 3.99489 3.99489 0 2.11814 2.11814 0
0.943247 3.99307 3.99307 0 2.11874 2.11874 0
0.945715 3.99126 3.99126 0 2.11933 2.11933 0
0.948168 3.98948 3.98948 0 2.11992 2.11992 0
0.950608 3.98771 3.98771 0 2.12049 2.12049 0
0.953034 3.98596 3.98596 0 2.12107 2.12107 0
0.955447 3.98422 3.98422 0 2.12168 2.12168 0
0.957847 3.98249 3.98249 0 2.12234 2.12234 0
0.960233 3.98078 3.98078 0 2.12298 2.12298 0
0.962606 3.97908 3.97908 0 2.12363 2.12363 0
0.964966 3.97741 3.97741 0 2.12427 2.12427 0
0.967314 3.97575 3.97575 0 2.12491 2.12491 0
0.969649 3.97411 3.97411 0 2.12553 2.12553 0
0.971971 3.97249 3.97249 0 2.12614 2.12614 0
0.974281 3.97089 3.97089 0 2.12676 2.12676 0
0.976579 3.9693 3.9693 0 2.12737 2.12737 0
0.978865 3.96771 3.96771 0 2.128 2.128 0
0.981139 3.96613 3.96613 0 2.12867 2.12867 0
0.983401 3.96457 3.96457 0 2.12934 2.12934 0
0.985651 3.96304 3.96304 0 2.13002 2.13002 0
0.98789 3.96152 3.96152 0 2.13067 2.13067 0
0.990117 3.96001 3.96001 0 2.13132 2.13132 0
0.992333 3.95852 3.95852 0 2.13197 2.13197 0
0.994537 3.95705 3.95705 0 2.13261 2.13261 0
0.996731 3.95559 3.95559 0 2.13324 2.13324 0
0.998913 3.95414 3.95414 0 2.13386 2.13386 0
