0.025000 0.000000 0.000000 0.000000 0.000000
0.075000 0.000000 0.000000 0.000000 0.000000
0.125000 0.000000 0.000000 0.000000 0.000000
0.175000 0.000002 0.000002 0.000002 0.000002
0.225000 0.000032 0.000032 0.000032 0.000032
0.275000 0.000120 0.000120 0.000120 0.000120
0.325000 0.000258 0.000258 0.000258 0.000258
0.375000 0.001178 0.000699 0.001178 0.000699
0.425000 0.002514 0.001266 0.002514 0.001266
0.475000 0.004137 0.001914 0.004137 0.001914
0.525000 0.006051 0.002638 0.006051 0.002638
0.575000 0.008265 0.003450 0.008265 0.003450
0.625000 0.010513 0.004277 0.010513 0.004277
0.675000 0.012912 0.005183 0.012912 0.005183
0.725000 0.015347 0.006094 0.015347 0.006094
0.775000 0.017778 0.007028 0.017778 0.007028
0.825000 0.020219 0.007990 0.020219 0.007990
0.875000 0.022709 0.008963 0.022709 0.008963
0.925000 0.025154 0.009983 0.025154 0.009983
0.975000 0.027654 0.011012 0.027654 0.011012
1.025000 0.030149 0.012065 0.030149 0.012065
1.075000 0.032641 0.013145 0.032641 0.013145
1.125000 0.035189 0.014237 0.035189 0.014237
1.175000 0.037676 0.015361 0.037676 0.015361
1.225000 0.040215 0.016496 0.040215 0.016496
1.275000 0.042747 0.017649 0.042747 0.017649
1.325000 0.045268 0.018819 0.045268 0.018819
1.375000 0.047834 0.020000 0.047834 0.020000
1.425000 0.050333 0.021197 0.050333 0.021197
1.475000 0.052872 0.022406 0.052872 0.022406
1.525000 0.055323 0.023616 0.055323 0.023616
1.575000 0.057686 0.024826 0.057686 0.024826
1.625000 0.060080 0.026049 0.060080 0.026049
1.675000 0.062503 0.027285 0.062503 0.027285
1.725000 0.064954 0.028534 0.064954 0.028534
1.775000 0.067433 0.029796 0.067433 0.029796
1.825000 0.069937 0.031072 0.069937 0.031072
1.875000 0.072467 0.032361 0.072467 0.032361
1.925000 0.075021 0.033664 0.075021 0.033664
1.975000 0.077599 0.034980 0.077599 0.034980
2.025000 0.079967 0.036238 0.079967 0.036238
2.075000 0.082126 0.037440 0.082126 0.037440
2.125000 0.084303 0.038655 0.084303 0.038655
2.175000 0.086498 0.039881 0.086498 0.039881
2.225000 0.088708 0.041118 0.088708 0.041118
2.275000 0.090935 0.042367 0.090935 0.042367
2.325000 0.093176 0.043628 0.093176 0.043628
2.375000 0.095431 0.044900 0.095431 0.044900
2.425000 0.097698 0.046183 0.097698 0.046183
2.475000 0.099977 0.047476 0.099977 0.047476
2.525000 0.102111 0.048706 0.102111 0.048706
2.575000 0.104101 0.049873 0.104101 0.049873
2.625000 0.106099 0.051049 0.106099 0.051049
2.675000 0.108107 0.052236 0.108107 0.052236
2.725000 0.110122 0.053432 0.110122 0.053432
2.775000 0.112146 0.054638 0.112146 0.054638
2.825000 0.114176 0.055854 0.114176 0.055854
2.875000 0.116212 0.057079 0.116212 0.057079
2.925000 0.118254 0.058313 0.118254 0.058313
2.975000 0.120302 0.059556 0.120302 0.059556
3.025000 0.122329 0.060743 0.122329 0.060743
3.075000 0.124340 0.061875 0.124340 0.061875
3.125000 0.126364 0.063013 0.126364 0.063013
3.175000 0.128399 0.064159 0.128399 0.064159
3.225000 0.130445 0.065312 0.130445 0.065312
3.275000 0.132503 0.066471 0.132503 0.066471
3.325000 0.134571 0.067637 0.134571 0.067637
3.375000 0.136651 0.068809 0.136651 0.068809
3.425000 0.138740 0.069986 0.138740 0.069986
3.475000 0.140841 0.071170 0.140841 0.071170
3.525000 0.142875 0.072294 0.142875 0.072294
3.575000 0.144843 0.073359 0.144843 0.073359
3.625000 0.146821 0.074430 0.146821 0.074430
3.675000 0.148808 0.075506 0.148808 0.075506
3.725000 0.150805 0.076587 0.150805 0.076587
3.775000 0.152812 0.077673 0.152812 0.077673
3.825000 0.154827 0.078763 0.154827 0.078763
3.875000 0.156852 0.079858 0.156852 0.079858
3.925000 0.158885 0.080957 0.158885 0.080957
3.975000 0.160928 0.082060 0.160928 0.082060
4.025000 0.162980 0.083167 0.162980 0.083167
4.075000 0.165041 0.084278 0.165041 0.084278
4.125000 0.167110 0.085392 0.167110 0.085392
4.175000 0.169188 0.086511 0.169188 0.086511
4.225000 0.171274 0.087633 0.171274 0.087633
4.275000 0.173369 0.088759 0.173369 0.088759
4.325000 0.175472 0.089888 0.175472 0.089888
4.375000 0.177584 0.091020 0.177584 0.091020
4.425000 0.179704 0.092155 0.179704 0.092155
4.475000 0.181832 0.093293 0.181832 0.093293
4.525000 0.183969 0.094434 0.183969 0.094434
4.575000 0.186115 0.095577 0.186115 0.095577
4.625000 0.188269 0.096723 0.188269 0.096723
4.675000 0.190430 0.097872 0.190430 0.097872
4.725000 0.192599 0.099023 0.192599 0.099023
4.775000 0.194727 0.100121 0.194727 0.100121
4.825000 0.196812 0.101165 0.196812 0.101165
4.875000 0.198906 0.102212 0.198906 0.102212
4.925000 0.201008 0.103260 0.201008 0.103260
4.975000 0.203118 0.104311 0.203118 0.104311
5.025000 0.205236 0.105363 0.205236 0.105363
5.075000 0.207361 0.106417 0.207361 0.106417
5.125000 0.209494 0.107473 0.209494 0.107473
5.175000 0.211636 0.108531 0.211636 0.108531
5.225000 0.213785 0.109591 0.213785 0.109591
5.275000 0.215942 0.110651 0.215942 0.110651
5.325000 0.218107 0.111714 0.218107 0.111714
5.375000 0.220280 0.112778 0.220280 0.112778
5.425000 0.222461 0.113843 0.222461 0.113843
5.475000 0.224650 0.114910 0.224650 0.114910
5.525000 0.226847 0.115978 0.226847 0.115978
5.575000 0.229051 0.117046 0.229051 0.117046
5.625000 0.231263 0.118117 0.231263 0.118117
5.675000 0.233483 0.119188 0.233483 0.119188
5.725000 0.235710 0.120261 0.235710 0.120261
5.775000 0.237946 0.121334 0.237946 0.121334
5.825000 0.240189 0.122408 0.240189 0.122408
5.875000 0.242439 0.123483 0.242439 0.123483
5.925000 0.244697 0.124558 0.244697 0.124558
5.975000 0.246964 0.125635 0.246964 0.125635
6.025000 0.249025 0.126688 0.249025 0.126688
6.075000 0.250874 0.127719 0.250874 0.127719
6.125000 0.252722 0.128752 0.252722 0.128752
6.175000 0.254571 0.129788 0.254571 0.129788
6.225000 0.256419 0.130826 0.256419 0.130826
6.275000 0.258268 0.131866 0.258268 0.131866
6.325000 0.260116 0.132908 0.260116 0.132908
6.375000 0.261964 0.133952 0.261964 0.133952
6.425000 0.263811 0.134997 0.263811 0.134997
6.475000 0.265658 0.136045 0.265658 0.136045
6.525000 0.267505 0.137098 0.267505 0.137098
6.575000 0.269352 0.138158 0.269352 0.138158
6.625000 0.271198 0.139217 0.271198 0.139217
6.675000 0.273045 0.140276 0.273045 0.140276
6.725000 0.274891 0.141335 0.274891 0.141335
6.775000 0.276737 0.142393 0.276737 0.142393
6.825000 0.278583 0.143452 0.278583 0.143452
6.875000 0.280429 0.144510 0.280429 0.144510
6.925000 0.282275 0.145569 0.282275 0.145569
6.975000 0.284121 0.146628 0.284121 0.146628
7.025000 0.285966 0.147694 0.285966 0.147694
7.075000 0.287810 0.148769 0.287810 0.148769
7.125000 0.289654 0.149845 0.289654 0.149845
7.175000 0.291498 0.150920 0.291498 0.150920
7.225000 0.293342 0.151995 0.293342 0.151995
7.275000 0.295186 0.153070 0.295186 0.153070
7.325000 0.297030 0.154146 0.297030 0.154146
7.375000 0.298873 0.155220 0.298873 0.155220
7.425000 0.300717 0.156295 0.300717 0.156295
7.475000 0.302561 0.157370 0.302561 0.157370
7.525000 0.304403 0.158452 0.304403 0.158452
7.575000 0.306245 0.159541 0.306245 0.159541
7.625000 0.308086 0.160630 0.308086 0.160630
7.675000 0.309928 0.161719 0.309928 0.161719
7.725000 0.311770 0.162808 0.311770 0.162808
7.775000 0.313611 0.163897 0.313611 0.163897
7.825000 0.315452 0.164986 0.315452 0.164986
7.875000 0.317294 0.166075 0.317294 0.166075
7.925000 0.319135 0.167163 0.319135 0.167163
7.975000 0.320976 0.168251 0.320976 0.168251
8.025000 0.322816 0.169346 0.322816 0.169346
8.075000 0.324656 0.170448 0.324656 0.170448
8.125000 0.326495 0.171549 0.326495 0.171549
8.175000 0.328334 0.172650 0.328334 0.172650
8.225000 0.330173 0.173751 0.330173 0.173751
8.275000 0.332012 0.174852 0.332012 0.174852
8.325000 0.333851 0.175953 0.333851 0.175953
8.375000 0.335690 0.177053 0.335690 0.177053
8.425000 0.337528 0.178154 0.337528 0.178154
8.475000 0.339368 0.179255 0.339368 0.179255
8.525000 0.341206 0.180361 0.341206 0.180361
8.575000 0.343043 0.181473 0.343043 0.181473
8.625000 0.344880 0.182585 0.344880 0.182585
8.675000 0.346717 0.183696 0.346717 0.183696
8.725000 0.348554 0.184808 0.348554 0.184808
8.775000 0.350392 0.185919 0.350392 0.185919
8.825000 0.352229 0.187031 0.352229 0.187031
8.875000 0.354066 0.188143 0.354066 0.188143
8.925000 0.355903 0.189254 0.355903 0.189254
8.975000 0.357740 0.190366 0.357740 0.190366
9.025000 0.359576 0.191482 0.359576 0.191482
9.075000 0.361411 0.192602 0.361411 0.192602
9.125000 0.363246 0.193722 0.363246 0.193722
9.175000 0.365081 0.194843 0.365081 0.194843
9.225000 0.366916 0.195964 0.366916 0.195964
9.275000 0.368751 0.197085 0.368751 0.197085
9.325000 0.370586 0.198206 0.370586 0.198206
9.375000 0.372421 0.199326 0.372421 0.199326
9.425000 0.374256 0.200447 0.374256 0.200447
9.475000 0.376091 0.201568 0.376091 0.201568
9.525000 0.377924 0.202692 0.377924 0.202692
9.575000 0.379757 0.203820 0.379757 0.203820
9.625000 0.381590 0.204949 0.381590 0.204949
9.675000 0.383424 0.206079 0.383424 0.206079
9.725000 0.385258 0.207208 0.385258 0.207208
9.775000 0.387091 0.208337 0.387091 0.208337
9.825000 0.388925 0.209466 0.388925 0.209466
9.875000 0.390759 0.210595 0.390759 0.210595
9.925000 0.392592 0.211724 0.392592 0.211724
9.975000 0.394425 0.212853 0.394425 0.212853
