0.025 2.6192 1278.89 0 6.52754 834.684 0
0.075 9.79552 3661.12 0 56.8327 3615.71 0
0.125 17.9442 2384.42 0 147.479 7756.72 0
0.175 28.6523 2033.21 0 185.195 12172.4 0
0.225 36.8445 1962.78 0 268.13 17947.2 0
0.275 39.8532 1913.82 0 310.512 24328.4 0
0.325 47.2409 1967.37 0 372.158 32280.1 0
0.375 50.1357 2171.53 0 384.071 40347.6 0
0.425 52.0415 2293.68 0 354.102 47756.4 0
0.475 52.7325 2259.43 0 390.073 53780.4 0
0.525 51.0794 2442.46 0 385.595 59287.5 0
0.575 53.8629 2396.54 0 387.725 67490 0
0.625 54.7662 2307.35 0 380.012 77388.5 0
0.675 51.8597 2351.34 0 340.989 83915.2 0
0.725 47.1963 2390.5 0 353.28 83420 0
0.775 48.3339 2392.48 0 303.638 75575.2 0
0.825 47.3053 2297.67 0 303.533 68655.2 0
0.875 47.5847 2203.75 0 293.978 59398.5 0
0.925 45.9831 2049.44 0 296.593 49236.2 0
0.975 41.4946 2048.93 0 248.782 37634.4 0
1.025 39.9641 1779.99 0 222.625 29407.3 0
1.075 43.1685 1659.73 0 186.234 21602.2 0
1.125 35.5448 1521.32 0 197.853 16221 0
1.175 37.5424 1528.99 0 179.575 11547.5 0
1.225 36.5678 1569.85 0 165.834 9048.31 0
1.275 34.6977 1464.07 0 146.458 7192.71 0
1.325 35.9847 1356.12 0 119.226 6080.89 0
1.375 40.5456 1342.84 0 118.273 4903.45 0
1.425 33.6275 1166.44 0 113.178 4191.05 0
1.475 35.8482 1276.15 0 93.6099 3798.94 0
1.525 32.1756 1125.37 0 90.0723 3320.65 0
1.575 30.2887 1138.19 0 85.2117 2892.38 0
1.625 31.3492 1023.35 0 85.6248 2605.74 0
1.675 27.8627 976.419 0 74.1585 2368.47 0
1.725 30.2238 950.765 0 64.2884 2170.24 0
1.775 28.3712 889.87 0 63.0289 1937.2 0
1.825 28.7034 955.695 0 56.9991 1849.72 0
1.875 32.9375 820.71 0 56.1142 1553.22 0
1.925 26.3374 692.617 0 52.6581 1411.32 0
1.975 26.0395 740.589 0 53.3119 1321.57 0
2.025 23.5651 632.945 0 48.3663 1176.12 0
2.075 23.2833 638.433 0 46.5059 1139.69 0
2.125 24.1865 595.047 0 44.0857 1044.27 0
2.175 23.0018 562.366 0 40.9206 1010.41 0
2.225 23.5305 623.247 0 38.3966 917.243 0
2.275 23.3794 607.88 0 37.7837 882.095 0
2.325 24.3801 501.178 0 35.915 803.244 0
2.375 23.4663 473.056 0 34.4825 780.035 0
2.425 22.3743 484.188 0 33.1067 709.282 0
2.475 21.2338 477.867 0 31.915 695.891 0
2.525 21.0293 456.586 0 31.2047 637.181 0
2.575 20.277 446.134 0 30.3071 616.901 0
2.625 18.7589 425.227 0 28.8202 645.501 0
2.675 18.4076 424.633 0 27.8528 619.28 0
2.725 19.5165 388.101 0 26.7436 536.393 0
2.775 18.8147 350.233 0 26.7947 526.005 0
2.825 17.1992 327.139 0 25.1031 497.718 0
2.875 17.0651 308.293 0 23.3069 447.082 0
2.925 16.8472 342.13 0 24.1546 472.02 0
2.975 16.3886 331.906 0 23.1038 477.257 0
3.025 16.3819 310.283 0 23.0136 421.204 0
3.075 16.0818 278.086 0 22.6893 425.065 0
3.125 14.9708 265.703 0 20.9072 381.146 0
3.175 14.028 251.684 0 20.335 381.683 0
3.225 14.1168 280.634 0 19.6686 368.544 0
3.275 13.7639 287.044 0 18.6937 363.369 0
3.325 12.9469 257.908 0 17.663 338.227 0
3.375 12.1812 246.896 0 16.4836 349.184 0
3.425 12.7396 239.36 0 17.8165 319.249 0
3.475 12.0554 234.735 0 16.8914 303.094 0
3.525 11.9934 216.146 0 15.099 290.662 0
3.575 11.7228 209.826 0 14.7154 302.859 0
3.625 11.1375 204.859 0 14.3571 294.703 0
3.675 10.7775 179.115 0 14.1688 289.681 0
3.725 10.4296 185.801 0 12.8047 275.716 0
3.775 10.1152 195.832 0 12.3302 255.239 0
3.825 9.51364 163.541 0 12.0327 255.834 0
3.875 9.62335 157.206 0 11.5302 262.758 0
3.925 9.79633 149.309 0 11.4547 247.436 0
3.975 9.96889 151.694 0 12.2631 238.156 0
4.025 9.39939 171.987 0 10.3817 246.431 0
4.075 8.981 152.813 0 10.1988 231.319 0
4.125 8.93326 153.756 0 9.42087 231.81 0
4.175 8.3632 148.447 0 8.91209 224.49 0
4.225 8.24218 152.317 0 8.55072 227.615 0
4.275 8.571 140.759 0 8.2005 232.271 0
4.325 7.91441 136.887 0 8.0556 204.52 0
4.375 7.6584 131.544 0 7.73038 200.713 0
4.425 7.49242 142.016 0 7.40624 197.129 0
4.475 7.04149 127.283 0 6.91839 191.732 0
4.525 7.24064 136.957 0 6.84814 211.057 0
4.575 6.90201 128.117 0 6.60894 209.413 0
4.625 6.80178 124.651 0 6.59556 194.919 0
4.675 6.64235 119.036 0 6.93447 180.153 0
4.725 7.03258 125.47 0 5.91312 171.824 0
4.775 6.26501 124.523 0 5.77597 177.548 0
4.825 5.8984 112.639 0 5.21452 164.093 0
4.875 6.48081 118.001 0 5.26756 153.878 0
4.925 5.72276 105.191 0 5.95508 140.874 0
4.975 5.91971 112.505 0 5.44824 137.682 0
5.025 5.60918 106.582 0 4.48981 164.351 0
5.075 5.62493 91.7064 0 4.42543 162.429 0
5.125 5.30907 93.3847 0 4.20614 154.512 0
5.175 4.90047 105.64 0 3.98755 146.282 0
5.225 5.13125 86.3443 0 3.96456 138.467 0
5.275 4.72184 90.3757 0 3.57447 134.094 0
5.325 4.49476 73.1979 0 3.44649 133.881 0
5.375 4.79229 87.9014 0 3.54083 117.019 0
5.425 4.32381 89.6634 0 3.09425 110.443 0
5.475 3.87656 78.9891 0 3.14561 109.768 0
5.525 4.08718 76.0627 0 2.9488 99.5872 0
5.575 3.85447 81.4129 0 2.78343 102.296 0
5.625 3.87039 87.1771 0 2.78576 97.1318 0
5.675 3.60758 76.6779 0 2.60693 96.8758 0
5.725 3.79347 83.6988 0 2.58525 89.6452 0
5.775 3.06647 78.7949 0 1.99766 86.9387 0
5.825 3.33831 77.463 0 2.22355 80.7638 0
5.875 3.02027 83.7195 0 1.84928 71.3833 0
5.925 3.04732 67.8536 0 1.9909 78.9926 0
5.975 3.03751 70.609 0 2.01214 76.0114 0
6.025 3.44102 78.1544 0 1.896 78.2749 0
6.075 2.95045 65.6869 0 1.76703 70.54 0
6.125 3.1473 65.669 0 2.07214 69.5145 0
6.175 2.93554 65.8442 0 1.85617 68.0969 0
6.225 3.0287 62.9907 0 1.7597 68.3877 0
6.275 2.85643 66.9686 0 1.82022 58.9716 0
6.325 2.63919 60.151 0 1.51527 54.939 0
6.375 2.7789 65.4891 0 1.73078 56.461 0
6.425 2.73831 55.1877 0 1.47501 59.5501 0
6.475 2.4323 61.3238 0 1.34132 50.5215 0
6.525 2.65435 59.5103 0 1.59449 49.0705 0
6.575 2.26301 67.2476 0 1.33499 45.5703 0
6.625 2.5855 56.3937 0 1.55641 41.8908 0
6.675 1.93682 54.9128 0 1.00731 43.5443 0
6.725 2.24753 52.953 0 1.25536 45.2877 0
6.775 1.94696 57.4967 0 1.13504 42.7601 0
6.825 2.11357 51.6929 0 0.905963 40.9957 0
6.875 1.95032 48.1613 0 1.01654 48.7389 0
6.925 1.93506 47.2026 0 0.97626 39.1757 0
6.975 1.74974 50.7094 0 0.821344 39.6704 0
7.025 1.64942 59.821 0 0.834589 31.912 0
7.075 1.71767 54.5681 0 0.854827 30.6048 0
7.125 1.58046 48.6699 0 0.740755 33.1315 0
7.175 1.63579 52.5983 0 0.813386 31.2528 0
7.225 1.58767 46.6319 0 0.894257 30.9177 0
7.275 1.37216 50.8834 0 0.65123 25.0702 0
7.325 1.26922 47.0739 0 0.735367 25.742 0
7.375 1.13293 46.9407 0 0.420851 24.4416 0
7.425 1.47596 41.2616 0 0.764241 23.9133 0
7.475 1.42836 47.1058 0 0.657693 23.7542 0
7.525 1.16904 37.9516 0 0.719083 23.5831 0
7.575 1.02281 36.0687 0 0.443024 20.6064 0
7.625 1.13031 36.7044 0 0.479039 22.3165 0
7.675 1.05542 36.6567 0 0.481231 19.9754 0
7.725 0.991577 39.9038 0 0.456225 18.7331 0
7.775 1.03307 31.7603 0 0.520286 21.106 0
7.825 1.00472 34.6136 0 0.479532 16.8285 0
7.875 0.919192 32.9311 0 0.343975 16.9395 0
7.925 1.01427 37.4261 0 0.579031 16.8319 0
7.975 0.899454 31.9859 0 0.499961 19.4731 0
8.025 0.92789 40.1379 0 0.36966 14.7247 0
8.075 0.772595 34.2836 0 0.345104 16.0927 0
8.125 0.895011 37.2848 0 0.437046 14.4226 0
8.175 0.937529 41.4308 0 0.453032 13.3553 0
8.225 0.823975 34.4361 0 0.415663 13.2512 0
8.275 0.815614 31.0216 0 0.407162 13.263 0
8.325 0.799646 31.6932 0 0.334849 12.6274 0
8.375 0.716153 31.6087 0 0.282431 11.8006 0
8.425 0.923427 27.5783 0 0.336179 12.1873 0
8.475 0.790788 26.9991 0 0.29053 11.3331 0
8.525 0.807774 33.9288 0 0.43842 13.5622 0
8.575 0.748344 26.976 0 0.230444 11.34 0
8.625 0.685216 29.0519 0 0.249795 9.75424 0
8.675 0.625545 25.809 0 0.232557 9.94515 0
8.725 0.810558 27.8682 0 0.228247 10.4469 0
8.775 0.789624 29.5042 0 0.252633 9.41642 0
8.825 0.633148 28.4162 0 0.280894 7.68572 0
8.875 0.485536 24.0084 0 0.157906 8.62491 0
8.925 0.567518 25.0263 0 0.194673 7.24488 0
8.975 0.543481 22.8562 0 0.154703 8.88535 0
9.025 0.562409 25.6946 0 0.134478 8.02589 0
9.075 0.49715 24.0495 0 0.204396 7.21204 0
9.125 0.510307 24.7438 0 0.239343 7.57099 0
9.175 0.480763 26.9362 0 0.203371 7.91838 0
9.225 0.495876 25.9588 0 0.150137 6.37438 0
9.275 0.470285 20.6755 0 0.204983 7.01411 0
9.325 0.571082 20.5963 0 0.233353 5.86277 0
9.375 0.298165 19.4074 0 0.0832057 5.46904 0
9.425 0.485182 23.0409 0 0.114709 6.2991 0
9.475 0.351444 21.8215 0 0.0889137 4.63327 0
9.525 0.448762 20.2686 0 0.158575 5.23733 0
9.575 0.306954 20.9107 0 0.142436 3.9691 0
9.625 0.32653 18.151 0 0.0895632 4.94603 0
9.675 0.244237 18.6034 0 0.0624542 5.40036 0
9.725 0.298735 19.1559 0 0.0657551 3.68555 0
9.775 0.353838 18.8308 0 0.100851 3.85862 0
9.825 0.325552 18.4544 0 0.123556 4.02632 0
9.875 0.255588 17.4302 0 0.0779585 4.5182 0
9.925 0.2354 16.8522 0 0.109902 3.248 0
9.975 0.197954 16.2471 0 0.0620584 4.22091 0
