0.025 12.7557 872.897 0 2.00497 1197.06 0
0.075 72.0673 3811.14 0 8.34391 3435.46 0
0.125 153.353 8035.81 0 14.5529 2339.02 0
0.175 231.259 12908.5 0 19.9091 1997.16 0
0.225 295.727 19572.6 0 25.2246 1818.23 0
0.275 344.651 28179 0 29.9598 1853.48 0
0.325 394.322 38936.1 0 33.6844 1915.92 0
0.375 420.083 49901.8 0 36.3682 1983.12 0
0.425 446.722 60725.2 0 38.4148 1971.26 0
0.475 448.21 72749.8 0 39.4307 1994.22 0
0.525 449.13 88679.1 0 39.6508 2010.14 0
0.575 440.006 106343 0 39.639 2018.91 0
0.625 427.915 110153 0 38.4738 2046.75 0
0.675 405.824 94831.4 0 37.768 1910.19 0
0.725 385.585 72256 0 37.1711 1767.9 0
0.775 363.002 53282.5 0 36.0931 1622.4 0
0.825 339.426 40049.1 0 35.1653 1397.99 0
0.875 313.437 29033.6 0 34.1215 1369.09 0
0.925 287.008 19852.9 0 33.0665 1245.46 0
0.975 265.613 13002.6 0 33.0373 1177.01 0
1.025 245.789 8905.59 0 31.7763 1099.22 0
1.075 226.556 6947.45 0 31.0855 1011.36 0
1.125 203.028 5574.79 0 30.4931 882.148 0
1.175 187.577 4627.99 0 28.9229 845.664 0
1.225 174.351 3919.14 0 28.3905 744.862 0
1.275 163.603 3479.82 0 27.6145 647.342 0
1.325 149.694 3123.19 0 26.8652 633.29 0
1.375 141.406 2672.79 0 25.8854 581.942 0
1.425 132.586 2367.71 0 25.4747 473.464 0
1.475 128.371 2194.15 0 24.7733 483.888 0
1.525 123.114 2046.75 0 23.8396 442.673 0
1.575 118.945 1877.31 0 22.9906 413.51 0
1.625 114.609 1740.89 0 22.5858 368.977 0
1.675 110.687 1697.43 0 21.7827 335.205 0
1.725 108.831 1494.65 0 21.2815 342.84 0
1.775 106.297 1462.44 0 20.9806 298.394 0
1.825 101.915 1420.19 0 20.3325 262.068 0
1.875 100.466 1317.79 0 19.7436 285.365 0
1.925 98.1281 1206.42 0 19.6056 269.547 0
1.975 97.7526 1124.8 0 18.0158 248.229 0
2.025 94.953 1109.18 0 17.9651 232.721 0
2.075 92.6274 1067.09 0 17.7791 232.947 0
2.125 92.4648 1023.67 0 16.8061 228.853 0
2.175 88.0613 966.164 0 16.566 221.063 0
2.225 87.1658 970.023 0 15.7474 172.119 0
2.275 84.6522 951.621 0 14.9438 173.743 0
2.325 83.944 934.306 0 14.8661 174.681 0
2.375 82.3612 913.309 0 14.1528 191.772 0
2.425 79.9892 857.904 0 13.7462 158.154 0
2.475 77.6567 853.532 0 13.0575 149.473 0
2.525 75.4003 859.57 0 12.5965 140.894 0
2.575 73.6855 825.159 0 11.7423 123.176 0
2.625 73.269 836.936 0 12.0651 138.561 0
2.675 69.7027 810.235 0 12.6288 126.556 0
2.725 68.3383 798.915 0 11.004 128.463 0
2.775 66.594 803.706 0 10.6816 115.879 0
2.825 65.0344 827.068 0 10.1493 101.044 0
2.875 63.328 818.938 0 9.91804 102.291 0
2.925 60.8181 820.568 0 9.54814 95.2642 0
2.975 58.8918 823.023 0 9.38748 90.6847 0
3.025 56.6101 793.615 0 9.0507 87.0705 0
3.075 55.1238 815.774 0 8.3246 83.4498 0
3.125 53.8427 768.452 0 8.30113 87.2759 0
3.175 51.7693 805.379 0 7.67092 72.7897 0
3.225 49.1105 789.057 0 7.8494 71.7758 0
3.275 48.5019 806.416 0 7.42675 72.9905 0
3.325 46.9169 811.716 0 7.48201 60.5586 0
3.375 44.7675 781.381 0 6.79945 64.2976 0
3.425 42.5996 774.732 0 6.30032 63.2871 0
3.475 40.624 789.637 0 6.48057 64.3412 0
3.525 38.1791 794.531 0 5.53551 50.2685 0
3.575 36.6789 796.424 0 5.81949 53.6552 0
3.625 35.7352 791.994 0 5.51522 52.0575 0
3.675 35.2243 787.313 0 5.86912 44.4315 0
3.725 33.0015 818.296 0 5.32328 45.4755 0
3.775 32.4578 794.41 0 5.16243 40.9906 0
3.825 29.5441 792.253 0 4.74203 46.6901 0
3.875 29.3111 799.205 0 4.60246 44.7728 0
3.925 27.0864 790.894 0 4.8741 39.5192 0
3.975 26.1974 773.081 0 4.48439 36.0005 0
4.025 24.5854 818.15 0 4.32881 43.8086 0
4.075 23.3567 818.203 0 3.98371 41.8548 0
4.125 23.0817 810.3 0 4.08505 30.6123 0
4.175 20.6636 789.196 0 3.43116 32.5909 0
4.225 20.262 778.886 0 3.44616 31.9216 0
4.275 19.0373 771.35 0 3.22462 30.5735 0
4.325 18.9969 749.39 0 3.86369 32.3623 0
4.375 18.2609 741.12 0 3.31829 28.6844 0
4.425 16.35 732.625 0 2.84086 24.3083 0
4.475 15.9701 709.356 0 2.75602 27.9014 0
4.525 14.9606 755.131 0 2.72759 31.2942 0
4.575 14.1868 730.008 0 2.69063 30.4755 0
4.625 13.6447 714.114 0 2.81206 29.4785 0
4.675 12.8905 698.682 0 2.66493 23.617 0
4.725 13.0523 659.224 0 2.61563 19.2456 0
4.775 11.7752 642.765 0 2.45543 21.9286 0
4.825 12.5499 637.194 0 2.27515 22.0832 0
4.875 11.1246 604.995 0 2.39254 19.897 0
4.925 10.6147 551.422 0 2.14537 18.3165 0
4.975 11.1631 551.849 0 2.34614 15.7693 0
5.025 9.16375 521.654 0 1.82566 23.9656 0
5.075 9.32164 497.494 0 2.01143 19.1847 0
5.125 7.99148 492.079 0 1.85459 19.3476 0
5.175 7.59534 472.42 0 1.68823 20.3344 0
5.225 7.17899 453.361 0 1.65564 17.9627 0
5.275 7.05027 440.139 0 1.49341 16.5366 0
5.325 7.05613 414.709 0 1.57104 18.4966 0
5.375 6.4079 387.844 0 1.52362 16.6135 0
5.425 6.44646 395.126 0 1.57956 15.0653 0
5.475 6.031 374.14 0 1.31153 12.5157 0
5.525 5.93988 364.07 0 1.28718 14.5412 0
5.575 5.44519 358.761 0 1.2824 10.6869 0
5.625 5.56205 342.425 0 1.40263 13.6577 0
5.675 5.34064 326.604 0 1.29895 11.4336 0
5.725 4.84039 322.654 0 1.00661 11.1869 0
5.775 4.87423 301.961 0 1.1678 12.2485 0
5.825 4.79686 295.403 0 1.04964 10.9415 0
5.875 4.19217 281.019 0 1.00955 9.24582 0
5.925 4.67494 282.884 0 1.15185 11.4987 0
5.975 4.13331 275.059 0 0.948881 11.0952 0
6.025 3.6879 228.751 0 1.03577 9.76323 0
6.075 3.84237 213.017 0 1.0213 10.2092 0
6.125 3.35517 203.37 0 0.752961 9.25616 0
6.175 3.16338 204.097 0 0.742932 10.8197 0
6.225 2.88499 194.276 0 0.720126 9.21409 0
6.275 3.17631 201.938 0 0.816805 7.63391 0
6.325 2.7878 187.063 0 0.859836 9.90109 0
6.375 2.84499 182.749 0 0.732442 11.2139 0
6.425 2.66506 173.788 0 0.68254 6.45234 0
6.475 2.56737 168.805 0 0.701905 11.2318 0
6.525 2.5115 166.316 0 0.658972 7.91025 0
6.575 2.34349 161.743 0 0.696654 6.48059 0
6.625 2.37443 155.446 0 0.733422 7.48684 0
6.675 2.18287 150.679 0 0.55916 10.8342 0
6.725 2.0039 147.642 0 0.443544 7.16283 0
6.775 2.07832 143.188 0 0.571355 6.35401 0
6.825 1.98024 146.355 0 0.509924 8.23055 0
6.875 1.93418 136.406 0 0.622586 7.06732 0
6.925 1.73806 129.781 0 0.448317 5.5577 0
6.975 1.60059 129.758 0 0.371668 9.31231 0
7.025 1.40029 116.847 0 0.380865 5.91733 0
7.075 1.40108 110.845 0 0.396854 5.81574 0
7.125 1.45221 109.417 0 0.353479 6.88149 0
7.175 1.4877 106.042 0 0.424006 5.35504 0
7.225 1.66458 101.792 0 0.549136 7.05382 0
7.275 1.28447 102.767 0 0.405897 8.10426 0
7.325 1.41513 95.3992 0 0.473249 6.95058 0
7.375 1.17304 92.4855 0 0.339827 4.84219 0
7.425 1.07431 93.4139 0 0.322378 6.67036 0
7.475 1.21547 90.7941 0 0.348107 5.89612 0
7.525 1.0098 81.9897 0 0.299692 5.67183 0
7.575 0.991141 88.6777 0 0.334501 6.07412 0
7.625 0.990339 86.0157 0 0.229248 6.06229 0
7.675 0.837525 75.8646 0 0.253753 4.43973 0
7.725 0.926283 77.9299 0 0.226315 4.1242 0
7.775 0.873508 72.672 0 0.197052 3.81591 0
7.825 0.906923 75.6483 0 0.317028 3.69366 0
7.875 0.765597 72.8261 0 0.197454 4.11926 0
7.925 0.70501 67.62 0 0.226359 3.5327 0
7.975 0.871388 65.5266 0 0.242764 3.52854 0
8.025 0.637615 64.2978 0 0.13526 3.86212 0
8.075 0.703247 57.5403 0 0.214124 3.84387 0
8.125 0.659324 58.5127 0 0.127515 3.58188 0
8.175 0.58303 55.202 0 0.153139 3.17335 0
8.225 0.620877 56.0884 0 0.198635 4.97284 0
8.275 0.594591 53.9842 0 0.186058 2.94776 0
8.325 0.575907 50.805 0 0.122257 3.0265 0
8.375 0.505699 50.9775 0 0.226861 2.95815 0
8.425 0.512293 47.5659 0 0.160698 3.29035 0
8.475 0.463233 47.9811 0 0.0987534 4.45726 0
8.525 0.617361 45.1283 0 0.22164 2.80304 0
8.575 0.420368 42.4499 0 0.0747139 2.87291 0
8.625 0.397982 41.7867 0 0.116655 2.61772 0
8.675 0.375435 44.9935 0 0.089593 3.32628 0
8.725 0.445211 39.8922 0 0.130978 2.5928 0
8.775 1.5497 39.8812 0 0.180668 2.51369 0
8.825 0.407985 38.3352 0 0.124992 3.92677 0
8.875 0.41814 36.2788 0 0.120799 2.83432 0
8.925 0.422615 36.5566 0 0.0992601 1.88793 0
8.975 0.304157 33.916 0 0.0820693 2.72715 0
9.025 0.425709 30.7635 0 0.135322 2.38366 0
9.075 0.336629 31.9221 0 0.142836 2.80747 0
9.125 0.19559 30.2739 0 0.0660378 2.2852 0
9.175 0.229636 29.2022 0 0.0265156 2.48023 0
9.225 1.27855 28.3904 0 0.0536233 3.20549 0
9.275 0.273145 28.1423 0 0.110725 2.04018 0
9.325 0.233842 25.3509 0 0.0690061 1.79986 0
9.375 0.205137 23.9581 0 0.06467 2.58938 0
9.425 0.22753 26.2133 0 0.0725635 2.41226 0
9.475 0.26926 24.2954 0 0.0753542 1.9768 0
9.525 0.224094 22.0731 0 0.046616 2.39725 0
9.575 0.174721 24.7668 0 0.0656646 1.79099 0
9.625 0.141488 21.9835 0 0.0537747 1.9654 0
9.675 0.149546 20.5214 0 0.057371 1.72284 0
9.725 0.152853 22.8561 0 0.0608818 1.27651 0
9.775 0.212173 20.0309 0 0.083854 1.55653 0
9.825 0.224078 16.9678 0 0.118587 1.62274 0
9.875 0.144516 18.4503 0 0.0371926 1.41465 0
9.925 0.146228 19.3581 0 0.0358735 1.36586 0
9.975 0.204199 18.1429 0 0.0625817 1.71066 0
