0.025 9.79646 867.972 0 2.20137 1186.48 0
0.075 70.7824 3805.95 0 7.95111 3475.68 0
0.125 163.989 7981.6 0 14.4421 2295.33 0
0.175 243.862 12632.4 0 20.6561 1985.93 0
0.225 317.536 18740.9 0 25.5753 1801.28 0
0.275 342.413 26322.7 0 29.1392 1796.75 0
0.325 380.932 35474.8 0 32.4367 1808.8 0
0.375 398.849 44380.4 0 32.169 1916.77 0
0.425 480.242 52265.2 0 39.3452 1958.35 0
0.475 474.363 59415.8 0 37.8811 1962.23 0
0.525 464.091 67465.3 0 36.8302 2045.99 0
0.575 449.071 77946.2 0 40.4455 2012.79 0
0.625 489.247 90521 0 39.4368 1945.73 0
0.675 438.472 101141 0 40.801 2023.06 0
0.725 430.177 100383 0 36.4376 1981.57 0
0.775 395.409 93253.3 0 38.5825 1968.42 0
0.825 390.679 86548.7 0 34.4315 1936.95 0
0.875 381.446 77290.5 0 36.4907 1748.64 0
0.925 367.973 63410.3 0 34.1528 1647.71 0
0.975 331.51 49396.5 0 34.5121 1529.34 0
1.025 317.186 39205.3 0 31.838 1407.5 0
1.075 289.555 30261.5 0 33.698 1287.28 0
1.125 265.497 22590.3 0 30.3596 1144.09 0
1.175 264.507 16755.6 0 28.473 1158.56 0
1.225 262.585 13492.3 0 29.4536 965.694 0
1.275 219.181 11000.2 0 28.8632 925.514 0
1.325 204.186 9326.73 0 26.5367 969.22 0
1.375 194.471 7800.31 0 26.1498 852.313 0
1.425 180.223 6505.6 0 25.532 757.93 0
1.475 172.434 6014.5 0 23.2872 727.677 0
1.525 178.862 5144.53 0 26.0545 742.949 0
1.575 152.244 4767.79 0 27.2878 642.865 0
1.625 144.501 4220.09 0 24.5122 593.458 0
1.675 141.461 3922.47 0 23.7484 551.669 0
1.725 132.106 3449.41 0 22.4821 605.907 0
1.775 131.479 3310.44 0 22.7051 473.612 0
1.825 123.629 2972.78 0 20.7179 444.675 0
1.875 126.622 2690.35 0 21.1475 455.196 0
1.925 126.129 2514.94 0 20.5796 375.226 0
1.975 115.3 2242.39 0 17.7155 348.393 0
2.025 109.795 2089.48 0 21.4258 329.165 0
2.075 107.106 2010.18 0 21.204 329.486 0
2.125 107.377 1880.14 0 18.1567 341.442 0
2.175 102.264 1774.53 0 17.8973 329.82 0
2.225 99.6152 1742.09 0 17.5976 265.373 0
2.275 96.7425 1709.04 0 16.6997 267.876 0
2.325 95.9783 1627.46 0 15.3204 235.481 0
2.375 94.1686 1590.89 0 14.5854 258.521 0
2.425 90.4922 1406.26 0 14.3315 213.89 0
2.475 87.8534 1399.09 0 13.6134 202.15 0
2.525 84.2538 1395.44 0 13.6064 198.697 0
2.575 82.3378 1339.58 0 12.6837 173.71 0
2.625 84.4961 1312.99 0 13.3142 190.468 0
2.675 80.3833 1271.1 0 13.9363 173.966 0
2.725 78.1204 1143.51 0 11.8041 170.57 0
2.775 76.1265 1150.36 0 11.4583 153.861 0
2.825 78.2423 1133.31 0 11.5418 150.519 0
2.875 76.1894 1122.17 0 11.2788 152.376 0
2.925 73.6777 1073.41 0 10.8751 133.481 0
2.975 71.3441 1076.63 0 10.6921 127.064 0
3.025 69.4485 1020.53 0 10.4403 118.339 0
3.075 67.6251 1049.02 0 9.60274 113.418 0
3.125 66.0252 948.182 0 10.4422 114.91 0
3.175 63.4827 993.745 0 9.64944 95.8374 0
3.225 60.5497 979.709 0 9.20782 91.6892 0
3.275 59.7993 1001.26 0 8.71202 93.2408 0
3.325 60.1487 926.106 0 8.7913 85.6548 0
3.375 57.3931 891.496 0 7.9893 90.9433 0
3.425 56.6488 889.78 0 7.62163 80.6779 0
3.475 54.0216 906.898 0 7.83968 82.0217 0
3.525 52.4537 883.187 0 6.67646 64.9735 0
3.575 50.3925 885.291 0 7.01896 69.3509 0
3.625 49.3687 844.278 0 6.53199 70.0219 0
3.675 48.6629 839.288 0 6.95114 59.7642 0
3.725 47.2095 907.113 0 6.30688 69.5167 0
3.775 46.4317 880.635 0 6.1163 62.6608 0
3.825 42.2119 811.782 0 5.91358 67.6893 0
3.875 41.8789 818.905 0 5.73953 64.9097 0
3.925 40.518 815.324 0 5.94873 55.4866 0
3.975 39.1882 796.961 0 5.4731 50.5462 0
4.025 39.7565 834.764 0 5.53376 61.1857 0
4.075 37.7695 834.818 0 5.09259 58.4569 0
4.125 37.3249 826.754 0 5.22215 42.7549 0
4.175 33.4145 805.222 0 4.38624 45.5183 0
4.225 32.7652 794.703 0 4.40542 44.5836 0
4.275 30.7847 787.013 0 4.12221 42.7008 0
4.325 30.7194 764.608 0 4.93917 45.1991 0
4.375 29.5291 756.169 0 4.24196 40.0623 0
4.425 26.4391 747.502 0 3.63163 33.9504 0
4.475 25.8249 723.761 0 3.52317 38.9687 0
4.525 26.3293 857.031 0 3.66414 40.5146 0
4.575 24.9675 828.518 0 3.61449 39.4546 0
4.625 24.0135 810.479 0 3.77762 38.1638 0
4.675 22.6861 792.965 0 3.57997 30.5753 0
4.725 22.9709 748.182 0 3.51374 24.916 0
4.775 20.7233 729.502 0 3.29853 28.3895 0
4.825 22.0867 723.179 0 3.05635 28.5897 0
4.875 19.5783 686.635 0 3.21404 25.7593 0
4.925 18.6809 625.833 0 2.882 23.7131 0
4.975 19.6461 626.317 0 3.15172 20.4155 0
5.025 18.115 808.957 0 2.60418 32.6821 0
5.075 18.4271 771.49 0 2.86918 26.1623 0
5.125 15.7976 763.092 0 2.64545 26.3845 0
5.175 15.0145 732.607 0 2.40815 27.7302 0
5.225 14.1915 703.05 0 2.36166 24.4959 0
5.275 13.9371 682.546 0 2.13025 22.5511 0
5.325 13.9486 643.111 0 2.24098 25.224 0
5.375 12.6672 601.451 0 2.17334 22.656 0
5.425 12.7434 612.742 0 2.25314 20.5447 0
5.475 11.9222 580.199 0 1.87081 17.0678 0
5.525 11.742 564.583 0 1.83608 19.83 0
5.575 10.7641 556.349 0 1.82926 14.5738 0
5.625 10.9951 531.017 0 2.00075 18.6251 0
5.675 10.5574 506.483 0 1.85287 15.5921 0
5.725 9.56854 500.356 0 1.43587 15.2557 0
5.775 9.63542 468.266 0 1.66579 16.7033 0
5.825 9.48248 458.097 0 1.49725 14.9211 0
5.875 8.28713 435.792 0 1.44007 12.6086 0
5.925 9.24147 438.684 0 1.64304 15.6809 0
5.975 8.17078 426.548 0 1.35352 15.1306 0
6.025 7.84154 454.613 0 1.56495 12.9997 0
6.075 8.16998 423.344 0 1.54309 13.5935 0
6.125 7.13406 404.171 0 1.13766 12.3245 0
6.175 6.72627 405.615 0 1.1225 14.4064 0
6.225 6.13433 386.099 0 1.08805 12.2685 0
6.275 6.75375 401.325 0 1.23412 10.1645 0
6.325 5.92766 371.764 0 1.29913 13.1833 0
6.375 6.04927 363.189 0 1.10665 14.9312 0
6.425 5.66669 345.381 0 1.03126 8.59127 0
6.475 5.45896 335.478 0 1.06051 14.9552 0
6.525 5.34017 330.531 0 0.995646 10.5325 0
6.575 4.98294 321.443 0 1.05258 8.62888 0
6.625 5.04874 308.929 0 1.10813 9.9687 0
6.675 4.64142 299.455 0 0.84484 14.4256 0
6.725 4.26088 293.419 0 0.670154 9.53728 0
6.775 4.41911 284.567 0 0.863265 8.46034 0
6.825 4.21056 290.862 0 0.770448 10.9589 0
6.875 4.11262 271.089 0 0.94067 9.4101 0
6.925 3.69563 257.923 0 0.677366 7.40006 0
6.975 3.40332 257.877 0 0.561556 12.3993 0
7.025 3.21102 240.858 0 0.560587 8.04021 0
7.075 3.21283 228.487 0 0.584122 7.90217 0
7.125 3.33009 225.543 0 0.520279 9.35026 0
7.175 3.41145 218.586 0 0.624086 7.27618 0
7.225 3.81705 209.826 0 0.808263 9.58441 0
7.275 2.94542 211.834 0 0.597432 11.0117 0
7.325 3.24506 196.647 0 0.696566 9.44414 0
7.375 2.6899 190.641 0 0.500184 6.57935 0
7.425 2.4635 192.555 0 0.474502 9.06338 0
7.475 2.7872 187.155 0 0.512373 8.01138 0
7.525 2.31558 169.006 0 0.441111 7.70663 0
7.575 2.27279 182.792 0 0.492345 8.25324 0
7.625 2.27095 177.305 0 0.337426 8.23716 0
7.675 1.92053 156.38 0 0.373495 6.03251 0
7.725 2.12407 160.638 0 0.333108 5.60378 0
7.775 2.00305 149.799 0 0.290037 5.18489 0
7.825 2.07967 155.935 0 0.466628 5.01878 0
7.875 1.7556 150.117 0 0.290629 5.59707 0
7.925 1.61666 139.386 0 0.333174 4.80008 0
7.975 1.99819 135.071 0 0.35732 4.79443 0
8.025 1.61595 147.107 0 0.218534 5.97992 0
8.075 1.78229 131.646 0 0.345953 5.95166 0
8.125 1.67097 133.871 0 0.206022 5.54601 0
8.175 1.47761 126.296 0 0.247421 4.91345 0
8.225 1.57353 128.324 0 0.320928 7.6997 0
8.275 1.50692 123.51 0 0.300608 4.56417 0
8.325 1.45956 116.237 0 0.197526 4.68607 0
8.375 1.28163 116.631 0 0.366532 4.58026 0
8.425 1.29834 108.826 0 0.259634 5.09462 0
8.475 1.174 109.776 0 0.159553 6.9014 0
8.525 1.56462 103.249 0 0.358097 4.34009 0
8.575 1.06537 97.1208 0 0.120713 4.44828 0
8.625 1.00863 95.6036 0 0.188475 4.05315 0
8.675 0.951491 102.94 0 0.144752 5.15025 0
8.725 1.12833 91.2692 0 0.211616 4.01456 0
8.775 3.92752 91.2439 0 0.291899 3.89208 0
8.825 1.03399 87.707 0 0.201945 6.08002 0
8.875 1.05972 83.002 0 0.195171 4.38851 0
8.925 1.07106 83.6376 0 0.160371 2.92318 0
8.975 0.770847 77.5963 0 0.132597 4.22259 0
9.025 1.09905 78.4382 0 0.199779 3.43722 0
9.075 0.869074 81.3923 0 0.210873 4.04834 0
9.125 0.504955 77.1897 0 0.0974934 3.29524 0
9.175 0.59285 74.4574 0 0.0391458 3.57647 0
9.225 3.30083 72.3874 0 0.0791655 4.62229 0
9.275 0.705177 71.7548 0 0.163466 2.94192 0
9.325 0.603708 64.6374 0 0.101875 2.59539 0
9.375 0.529601 61.0864 0 0.0954741 3.73386 0
9.425 0.587413 66.8363 0 0.107127 3.47846 0
9.475 0.695147 61.9464 0 0.111247 2.85053 0
9.525 0.578543 56.28 0 0.0688205 3.45681 0
9.575 0.451076 63.1484 0 0.0969424 2.58259 0
9.625 0.365278 56.0517 0 0.0793891 2.83409 0
9.675 0.386081 52.3238 0 0.0846984 2.48432 0
9.725 0.394619 58.2766 0 0.0898814 1.84071 0
9.775 0.547765 51.0732 0 0.123796 2.2445 0
9.825 0.578501 43.2629 0 0.175073 2.33997 0
9.875 0.373097 47.043 0 0.0549085 2.03992 0
9.925 0.377517 49.3576 0 0.052961 1.96955 0
9.975 0.527178 46.2591 0 0.0923911 2.46676 0
