0.025000 35.711755 18549.751644 0 153.696644 11841.671209 0
0.075000 145.768589 48830.670276 0 878.740535 55421.103452 0
0.125000 263.894573 32809.024553 0 1862.573418 114010.396390 0
0.175000 372.967240 27978.218646 0 2753.998664 174301.078875 0
0.225000 464.372189 27054.368171 0 3455.686332 253658.514235 0
0.275000 544.522894 26954.934487 0 3989.873605 348335.177214 0
0.325000 591.464765 28607.284273 0 4461.485455 459573.593829 0
0.375000 632.081798 29969.005875 0 4781.254864 580504.110321 0
0.425000 643.139378 31191.485732 0 4885.908806 700486.512795 0
0.475000 648.634305 31291.570303 0 4952.444867 833705.060224 0
0.525000 650.113495 32519.338739 0 4920.835067 1008831.632263 0
0.575000 632.463253 32947.631604 0 4743.974318 1191811.438743 0
0.625000 626.041533 34036.597872 0 4612.809837 1232314.835918 0
0.675000 606.838829 32029.747952 0 4295.960625 1055640.114109 0
0.725000 592.210815 29526.575150 0 4033.545382 796348.759164 0
0.775000 576.684408 27769.543395 0 3810.733078 589854.870507 0
0.825000 549.608867 25615.377749 0 3458.975391 441644.968554 0
0.875000 546.016448 23441.213775 0 3222.183170 309164.958788 0
0.925000 527.882825 22684.669224 0 2878.468975 207453.335616 0
0.975000 510.997708 21975.573261 0 2581.769588 133803.511224 0
1.025000 497.500034 20087.459012 0 2340.850456 90336.286238 0
1.075000 488.483528 18400.416110 0 2069.897041 67314.981351 0
1.125000 477.087352 17857.335784 0 1838.669567 53476.837002 0
1.175000 460.262239 16720.661961 0 1618.728359 44085.782491 0
1.225000 451.895154 15225.219363 0 1490.292303 37860.220177 0
1.275000 434.734756 14450.456255 0 1305.485504 31616.524634 0
1.325000 424.599395 13512.405373 0 1210.707377 28264.496744 0
1.375000 422.592834 12948.697327 0 1075.210783 24793.050371 0
1.425000 409.479710 11853.581855 0 1007.732925 21925.316614 0
1.475000 400.768216 10937.187512 0 936.172995 20413.256755 0
1.525000 392.122997 10776.410412 0 876.360686 17841.157618 0
1.575000 382.681804 9889.259646 0 813.534793 15695.344396 0
1.625000 378.921867 8888.323487 0 763.400063 14158.009559 0
1.675000 366.512497 9101.510176 0 723.368627 12666.703615 0
1.725000 356.877437 8690.366064 0 682.032266 12710.365985 0
1.775000 359.140003 7929.270103 0 649.819666 11975.213524 0
1.825000 349.343602 7409.397592 0 638.263207 10697.573932 0
1.875000 352.712377 7418.102653 0 614.614663 9787.808693 0
1.925000 324.288782 7218.453477 0 585.713053 9701.536179 0
1.975000 325.075545 6960.778202 0 570.081327 9304.305587 0
2.025000 318.173676 6954.700683 0 529.255824 8221.563593 0
2.075000 316.742668 6130.496699 0 535.411330 7640.277964 0
2.125000 301.456886 6205.889765 0 503.182533 7141.734105 0
2.175000 300.017102 5754.430603 0 489.840381 7312.726192 0
2.225000 290.125418 5713.395736 0 475.801463 6422.643282 0
2.275000 283.043646 5373.201959 0 474.436743 6298.717791 0
2.325000 288.038759 5124.419900 0 459.985309 6038.667516 0
2.375000 269.641639 4770.169179 0 429.578463 5944.629530 0
2.425000 260.202379 4672.049183 0 422.679279 5515.397460 0
2.475000 260.577853 4354.090620 0 420.304103 5338.483219 0
2.525000 246.602987 4259.563351 0 387.278875 5359.339527 0
2.575000 256.353196 4334.518587 0 387.430461 5235.238632 0
2.625000 234.815898 3895.590397 0 379.610492 4955.612887 0
2.675000 239.453156 3916.788098 0 354.200120 5002.822896 0
2.725000 229.166485 3778.823005 0 350.797566 4683.774877 0
2.775000 223.256882 3497.748169 0 333.899840 4654.400349 0
2.825000 218.443797 3421.103373 0 330.900662 4590.817834 0
2.875000 214.163870 3616.384978 0 316.664073 4505.425891 0
2.925000 210.249304 3219.899735 0 309.068913 4283.036731 0
2.975000 202.659207 3247.222814 0 292.489366 4456.025386 0
3.025000 195.658242 2920.519349 0 278.561278 4319.451416 0
3.075000 193.473928 3019.852883 0 274.605859 4125.943163 0
3.125000 184.570058 2706.051513 0 257.526497 4139.095690 0
3.175000 177.058455 2513.435164 0 246.836231 3919.004328 0
3.225000 168.310540 2590.986884 0 232.480094 3950.108761 0
3.275000 171.237310 2670.938783 0 238.429867 3926.960598 0
3.325000 173.093710 2498.357728 0 224.057563 3978.126663 0
3.375000 155.982485 2271.871442 0 211.646164 3683.126283 0
3.425000 154.907060 2370.213527 0 206.507867 3814.411449 0
3.475000 155.101762 2100.055615 0 199.169655 3625.342499 0
3.525000 148.427417 2065.798919 0 186.981169 3583.731195 0
3.575000 154.085377 2363.903231 0 186.173408 3473.930834 0
3.625000 145.170283 1851.483802 0 177.249249 3703.277142 0
3.675000 136.986845 1924.224655 0 163.341095 3590.625926 0
3.725000 133.526277 1979.816575 0 163.046713 3387.550311 0
3.775000 126.185791 1901.119354 0 151.447321 3363.729634 0
3.825000 123.794042 1859.083737 0 142.316421 3338.960005 0
3.875000 124.828159 1649.046341 0 139.863634 3177.417677 0
3.925000 120.220178 1652.204062 0 129.937698 3156.621419 0
3.975000 114.367481 1588.790321 0 126.394134 3178.245183 0
4.025000 115.127882 1479.054423 0 122.657917 3009.506234 0
4.075000 112.353617 1525.723504 0 130.798256 2945.264435 0
4.125000 110.234342 1376.105426 0 112.162967 2857.792109 0
4.175000 103.957207 1621.525896 0 104.861404 2904.388517 0
4.225000 101.763425 1544.695172 0 103.609285 2759.598421 0
4.275000 101.004948 1423.611955 0 100.157937 2753.483821 0
4.325000 95.965049 1308.222783 0 96.629185 2731.444165 0
4.375000 90.039600 1403.691695 0 83.942761 2735.529473 0
4.425000 86.613838 1225.654849 0 82.539457 2614.516115 0
4.475000 82.003226 1271.799556 0 77.555006 2552.397839 0
4.525000 86.484093 1145.794107 0 77.088584 2417.318224 0
4.575000 94.514070 1276.003004 0 75.985901 2389.291355 0
4.625000 82.101656 1253.694687 0 74.380165 2360.178396 0
4.675000 80.031317 1201.538021 0 71.786610 2247.111779 0
4.725000 75.915452 1122.885457 0 66.870792 2118.030318 0
4.775000 74.915740 1211.330784 0 62.900111 2191.432831 0
4.825000 69.882271 1193.221225 0 58.549592 2077.656380 0
4.875000 72.474885 1016.732917 0 59.349679 2044.831262 0
4.925000 63.267057 1069.309896 0 53.006311 1895.985636 0
4.975000 69.378257 1184.333378 0 55.235369 1805.664091 0
5.025000 65.868259 970.599892 0 50.473026 1736.099574 0
5.075000 60.766829 970.517062 0 44.223347 1662.674658 0
5.125000 56.710827 956.601784 0 45.846818 1637.305760 0
5.175000 52.629513 961.233871 0 40.345967 1534.415416 0
5.225000 59.139812 1009.687224 0 41.658628 1389.617615 0
5.275000 60.539010 934.825579 0 43.744364 1300.332387 0
5.325000 60.233656 853.307111 0 38.930201 1278.721576 0
5.375000 52.509221 866.328654 0 37.149783 1248.492560 0
5.425000 46.583811 817.538470 0 33.678560 1114.843677 0
5.475000 51.016070 899.799966 0 39.376369 1104.427809 0
5.525000 44.809418 789.567563 0 32.477539 1030.893344 0
5.575000 48.008664 796.895035 0 31.780656 1023.028032 0
5.625000 44.909608 858.839186 0 31.362748 927.750156 0
5.675000 44.302788 872.468272 0 30.411291 909.463042 0
5.725000 44.073268 898.402738 0 29.759757 873.917762 0
5.775000 42.575044 736.274972 0 29.192906 793.835409 0
5.825000 41.081658 766.229546 0 26.941820 800.319349 0
5.875000 39.028133 715.877902 0 25.116382 726.960465 0
5.925000 34.487119 725.888834 0 24.485545 743.858876 0
5.975000 36.011898 694.723584 0 23.382713 666.394467 0
6.025000 32.030502 671.119572 0 20.064539 628.126182 0
6.075000 33.534312 648.638974 0 24.196452 621.993957 0
6.125000 33.433060 657.374499 0 23.269725 581.683241 0
6.175000 33.677139 750.238815 0 22.780446 517.169075 0
6.225000 27.384941 600.997854 0 17.043919 507.597838 0
6.275000 31.165298 657.104815 0 20.395812 486.879231 0
6.325000 31.069493 541.493544 0 20.739647 480.865734 0
6.375000 26.108577 665.128738 0 16.770870 456.682262 0
6.425000 30.598444 571.065679 0 19.629406 538.422050 0
6.475000 25.841538 579.009629 0 14.614009 419.647738 0
6.525000 26.454953 522.270324 0 17.632986 406.905960 0
6.575000 26.001137 574.494608 0 13.588002 432.284781 0
6.625000 26.873614 593.008269 0 16.865306 370.662572 0
6.675000 24.413829 581.930900 0 14.326942 367.755838 0
6.725000 24.479567 495.932516 0 12.135438 343.181722 0
6.775000 27.035052 506.740306 0 15.047582 324.349764 0
6.825000 22.815109 546.548149 0 16.284906 308.761339 0
6.875000 22.236454 490.474297 0 12.959817 294.081274 0
6.925000 20.195085 516.900417 0 11.798754 289.705936 0
6.975000 20.356846 475.989137 0 12.449526 306.660269 0
7.025000 20.674560 434.694937 0 12.885471 274.016032 0
7.075000 18.177829 457.656500 0 10.725305 266.846255 0
7.125000 17.851123 471.301194 0 9.693055 269.153973 0
7.175000 17.621036 486.765041 0 11.628391 246.887067 0
7.225000 17.566317 424.372995 0 10.339185 249.196526 0
7.275000 14.925429 398.248401 0 7.840793 245.747171 0
7.325000 16.415013 417.460949 0 8.050434 217.253375 0
7.375000 13.640651 472.424711 0 7.639661 217.588870 0
7.425000 15.342380 404.959086 0 8.743032 209.658928 0
7.475000 14.983260 402.781823 0 8.654488 199.575284 0
7.525000 12.598224 475.993452 0 6.146378 164.697108 0
7.575000 14.005266 391.163020 0 6.151951 201.056488 0
7.625000 11.786148 364.032830 0 6.818788 181.167262 0
7.675000 14.493568 387.113488 0 9.115272 179.306006 0
7.725000 10.184382 383.423633 0 7.083082 148.918805 0
7.775000 10.923279 451.846650 0 5.022328 154.406441 0
7.825000 14.999680 390.742079 0 8.015892 151.804947 0
7.875000 9.843703 396.644851 0 4.326634 142.942567 0
7.925000 11.996639 341.674968 0 4.919591 132.709996 0
7.975000 10.827107 370.068887 0 4.906340 103.652465 0
8.025000 10.101327 344.328164 0 5.454541 121.004397 0
8.075000 11.387125 323.714739 0 6.496735 110.662275 0
8.125000 10.017128 348.956311 0 4.767274 124.276809 0
8.175000 9.552857 323.929951 0 4.159205 115.059462 0
8.225000 8.112912 299.921152 0 2.199820 144.684101 0
8.275000 9.099546 317.023574 0 4.439564 93.336142 0
8.325000 6.429721 300.716653 0 2.115565 94.685361 0
8.375000 7.991864 268.662318 0 3.003341 96.439282 0
8.425000 11.080684 286.038592 0 5.851490 113.703525 0
8.475000 5.697753 275.035176 0 2.011030 77.854094 0
8.525000 7.826253 285.977576 0 3.910233 90.908402 0
8.575000 7.631234 248.112609 0 5.203816 95.107395 0
8.625000 5.946291 285.265235 0 1.009072 86.050534 0
8.675000 8.086744 258.354504 0 2.538134 83.675458 0
8.725000 8.383267 224.756450 0 3.887050 83.748884 0
8.775000 7.334918 252.395909 0 2.261071 64.529787 0
8.825000 5.135073 274.864514 0 2.197027 76.091750 0
8.875000 4.957944 234.417518 0 2.409533 60.548604 0
8.925000 5.069492 212.979051 0 1.920338 53.712887 0
8.975000 3.594561 210.299234 0 0.701932 67.895682 0
9.025000 6.146480 205.357771 0 2.745194 61.622789 0
9.075000 5.161254 215.989961 0 1.574340 60.553598 0
9.125000 4.777515 226.851755 0 1.961507 58.718264 0
9.175000 6.748349 201.116915 0 3.014382 59.289323 0
9.225000 6.712185 209.468896 0 3.439982 63.054019 0
9.275000 4.185309 225.145465 0 0.881202 55.672938 0
9.325000 5.520462 219.967941 0 2.310649 49.631750 0
9.375000 4.089596 174.602653 0 1.634839 59.535615 0
9.425000 3.052564 232.696204 0 1.325561 46.375574 0
9.475000 3.937516 206.844051 0 1.483697 39.073420 0
9.525000 3.892431 208.156869 0 2.045104 51.501900 0
9.575000 4.615089 190.651852 0 1.224207 50.026134 0
9.625000 5.188841 168.225323 0 2.189250 36.604517 0
9.675000 4.297040 182.904169 0 2.383816 47.621021 0
9.725000 3.602792 179.454311 0 1.089483 41.555093 0
9.775000 3.641278 159.539363 0 1.587891 35.722417 0
9.825000 2.142382 145.660561 0 0.677874 32.215535 0
9.875000 4.423859 150.398203 0 2.615683 31.765819 0
9.925000 1.851605 174.478207 0 0.000000 42.280563 0
9.975000 5.229068 166.564676 0 2.241711 40.378208 0
